Existing Posn.,Symbol,Description,Date,Time,Strike Price,Call/Put,Exp.Date,Mid IV,Th.Price,Bid,Ask,Percent O/U,Volume,Open Interest,Delta,Gamma,Vega,Theta,Rho,Prob.Finish.ITM,Last
,SPX,SPX Index,130719,16:00:00,, ,,,,,,,,,1,0,,,,,1692.1
,SPX 13S1395,Jul 1395 Puts,130719,16:00:00,1395,P,130719,,0,,,,,5699,0,0,0,0,0,,-1
,SPX 13S1395D26,JulW4 1395 Puts,,,1395,P,130726,,0.04,,,,,,-0.01,0,1.048,-2.178,-0.047,0,
,SPX 13T1395D2,AugW1 1395 Puts,,,1395,P,130802,,0.07,,,,,,-0.039,0,2.208,-2.152,-0.142,0,
,SPX 13T1395D9,AugW2 1395 Puts,,,1395,P,130809,,0.13,,,,,,-0.085,0.001,4.209,-2.57,-0.345,0,
,SPX 13T1395,Aug 1395 Puts,130719,16:00:00,1395,P,130816,,0.2,0.05,0.3,-0.15,2,2162,-0.147,0.002,6.763,-3.094,-0.654,0,0.15
,SPX 13T1395D23,AugW4 1395 Puts,,,1395,P,130823,,0.33,,,,,,-0.252,0.003,10.835,-3.652,-1.244,0,
,SPX 13U1395,Sep 1395 Puts,130719,16:00:00,1395,P,130920,0.22,1.25,0.75,1.15,-0.232,100,,-0.919,0.009,34.853,-5.049,-6.149,0,1.25
,SPX 13U1395D30,SepQ 1395 Puts,130719,16:00:00,1395,P,130930,0.223,1.76,1.35,2.15,-0.006,,,-1.238,0.012,46.782,-6.874,-9.35,0,-1
,SPX 13S1400,Jul 1400 Puts,130719,16:00:00,1400,P,130719,,0,,,,,47385,0,0,0,0,0,,-1
,SPX 13S1400D26,JulW4 1400 Puts,130719,16:00:00,1400,P,130726,,0.04,,0.05,,,10304,-0.011,0,1.08,-2.214,-0.049,0,-1
,SPX 13T1400D2,AugW1 1400 Puts,130719,16:00:00,1400,P,130802,,0.07,,0.1,,426,9258,-0.042,0,2.308,-2.222,-0.149,0,0.05
,SPX 13T1400D9,AugW2 1400 Puts,130719,16:00:00,1400,P,130809,,0.13,0.05,0.2,,310,1453,-0.091,0.001,4.414,-2.665,-0.364,0,0.15
,SPX 13T1400,Aug 1400 Puts,130719,16:00:00,1400,P,130816,0.277,0.21,0.25,0.3,0.286,3959,28571,-0.158,0.002,7.099,-3.929,-0.69,0,0.25
,SPX 13T1400D23,AugW4 1400 Puts,130719,16:00:00,1400,P,130823,,0.35,0.1,0.5,-0.143,,,-0.27,0.003,11.377,-3.796,-1.315,0,-1
,SPX 13U1400,Sep 1400 Puts,130719,16:00:00,1400,P,130920,0.223,1.31,1.1,1.2,-0.122,1679,65643,-0.976,0.01,36.376,-5.819,-6.468,0,1.25
,SPX 13U1400D30,SepQ 1400 Puts,130719,16:00:00,1400,P,130930,0.222,1.85,1.45,2.25,0,,3112,-1.31,0.012,48.692,-7.173,-9.81,0,-1
,SPX 13V1400,Oct 1400 Puts,130719,16:00:00,1400,P,131018,0.22,3.23,2.7,3.6,-0.019,30,11054,-2.032,0.017,74.719,-8.804,-18.06,0.001,3.5
,SPX 13X1400,Dec 1400 Puts,130719,16:00:00,1400,P,131220,0.215,9.56,9,10.1,-0.001,2050,114880,-4.376,0.028,168.883,-11.693,-63.335,0.007,9.6
,SPX 13X1400D31,DecQ 1400 Puts,130719,16:00:00,1400,P,131231,0.213,10.75,9.8,11.4,-0.014,,2106,-4.8,0.03,184.856,-11.634,-73.527,0.009,-1
,SPX 14O1400,Mar14 1400 Puts,130719,16:00:00,1400,P,140321,0.212,20.93,19.6,21.7,-0.013,,10703,-6.988,0.037,293.214,-12.429,-161.326,0.027,-1
,SPX 14R1400,Jun14 1400 Puts,130719,16:00:00,1400,P,140621,0.213,33.02,31.6,34.1,-0.005,,20977,-9.357,0.042,398.705,-12.171,-283.846,0.052,-1
,SPX 13S1405,Jul 1405 Puts,130719,16:00:00,1405,P,130719,,0,,,,,4726,0,0,0,0,0,,-1
,SPX 13S1405D26,JulW4 1405 Puts,130719,16:00:00,1405,P,130726,,0.04,,0.05,,,718,-0.011,0,1.113,-2.251,-0.05,0,-1
,SPX 13T1405D2,AugW1 1405 Puts,,,1405,P,130802,,0.07,,,,,,-0.045,0.001,2.415,-2.296,-0.157,0,
,SPX 13T1405D9,AugW2 1405 Puts,,,1405,P,130809,,0.14,,,,,,-0.097,0.001,4.632,-2.765,-0.384,0,
,SPX 13T1405,Aug 1405 Puts,130719,16:00:00,1405,P,130816,,0.22,0.05,0.4,0,1,1756,-0.169,0.002,7.456,-3.339,-0.729,0,0.2
,SPX 13T1405D23,AugW4 1405 Puts,,,1405,P,130823,,0.36,,,,,,-0.289,0.003,11.95,-3.948,-1.391,0,
,SPX 13U1405,Sep 1405 Puts,130719,16:00:00,1405,P,130920,0.216,1.38,0.85,1.25,-0.239,,8,-1.036,0.01,37.97,-5.364,-6.805,0,-1
,SPX 13S1410,Jul 1410 Puts,130719,16:00:00,1410,P,130719,,0,,,,,12222,0,0,0,0,0,,-1
,SPX 13S1410D26,JulW4 1410 Puts,130719,16:00:00,1410,P,130726,,0.04,,0.05,,,171,-0.012,0,1.149,-2.29,-0.052,0,-1
,SPX 13T1410D2,AugW1 1410 Puts,130719,16:00:00,1410,P,130802,,0.08,,0.1,,64,20,-0.048,0.001,2.528,-2.374,-0.165,0,0.05
,SPX 13T1410D9,AugW2 1410 Puts,130719,16:00:00,1410,P,130809,,0.14,0.05,0.3,,,100,-0.104,0.001,4.865,-2.871,-0.405,0,-1
,SPX 13T1410,Aug 1410 Puts,130719,16:00:00,1410,P,130816,0.27,0.23,0.2,0.4,0.304,,4261,-0.181,0.002,7.836,-4.241,-0.771,0,-1
,SPX 13T1410D23,AugW4 1410 Puts,130719,16:00:00,1410,P,130823,0.243,0.38,0.15,0.55,-0.079,,,-0.31,0.004,12.559,-3.786,-1.471,0,-1
,SPX 13U1410,Sep 1410 Puts,130719,16:00:00,1410,P,130920,0.215,1.44,0.95,1.35,-0.201,,21734,-1.101,0.011,39.638,-5.765,-7.162,0,-1
,SPX 13U1410D30,SepQ 1410 Puts,130719,16:00:00,1410,P,130930,0.217,2.03,1.55,2.4,-0.025,,5,-1.469,0.014,52.756,-7.498,-10.805,0,-1
,SPX 13V1410,Oct 1410 Puts,130719,16:00:00,1410,P,131018,0.217,3.52,3,3.9,-0.02,,,-2.251,0.019,80.069,-9.3,-19.676,0.001,-1
,SPX 13S1415,Jul 1415 Puts,130719,16:00:00,1415,P,130719,,0,,,,,2059,0,0,0,0,0,,-1
,SPX 13S1415D26,JulW4 1415 Puts,130719,16:00:00,1415,P,130726,,0.04,,0.05,,,47,-0.013,0,1.187,-2.331,-0.054,0,-1
,SPX 13T1415D2,AugW1 1415 Puts,130719,16:00:00,1415,P,130802,,0.08,,0.1,,5,39,-0.052,0.001,2.648,-2.456,-0.174,0,0.05
,SPX 13T1415D9,AugW2 1415 Puts,130719,16:00:00,1415,P,130809,,0.15,0.05,0.35,,,4,-0.112,0.001,5.113,-2.982,-0.428,0,-1
,SPX 13T1415,Aug 1415 Puts,130719,16:00:00,1415,P,130816,,0.25,0.05,0.35,-0.2,,8272,-0.194,0.002,8.239,-3.61,-0.816,0,-1
,SPX 13T1415D23,AugW4 1415 Puts,,,1415,P,130823,,0.4,,,,,,-0.332,0.004,13.204,-4.275,-1.558,0,
,SPX 13U1415,Sep 1415 Puts,130719,16:00:00,1415,P,130920,0.214,1.52,1,1.45,-0.191,,2,-1.17,0.012,41.384,-6.048,-7.54,0,-1
,SPX 13S1420,Jul 1420 Puts,130719,16:00:00,1420,P,130719,,0,,,,,13237,0,0,0,0,0,,-1
,SPX 13S1420D26,JulW4 1420 Puts,130719,16:00:00,1420,P,130726,,0.04,,0.05,,,3505,-0.014,0,1.226,-2.375,-0.056,0,-1
,SPX 13T1420D2,AugW1 1420 Puts,130719,16:00:00,1420,P,130802,,0.08,0.05,0.1,,200,13,-0.056,0.001,2.777,-2.544,-0.183,0,0.1
,SPX 13T1420D9,AugW2 1420 Puts,130719,16:00:00,1420,P,130809,,0.16,0.05,0.2,,,,-0.121,0.001,5.377,-3.1,-0.453,0,-1
,SPX 13T1420,Aug 1420 Puts,130719,16:00:00,1420,P,130816,0.264,0.26,0.3,0.35,0.269,100,3657,-0.209,0.003,8.669,-4.585,-0.864,0,0.35
,SPX 13T1420D23,AugW4 1420 Puts,130719,16:00:00,1420,P,130823,0.238,0.43,0.2,0.6,-0.07,,115,-0.356,0.004,13.889,-4.219,-1.651,0,-1
,SPX 13U1420,Sep 1420 Puts,130719,16:00:00,1420,P,130920,0.219,1.6,1.1,2.05,-0.019,500,1944,-1.244,0.013,43.212,-7.316,-7.94,0,1.5
,SPX 13U1420D30,SepQ 1420 Puts,130719,16:00:00,1420,P,130930,0.215,2.23,1.85,2.65,0.009,,6,-1.649,0.016,57.169,-8.24,-11.911,0,-1
,SPX 13V1420,Oct 1420 Puts,130719,16:00:00,1420,P,131018,0.213,3.82,3.3,4.2,-0.018,,1105,-2.495,0.022,85.796,-9.821,-21.45,0.001,-1
,SPX 13S1425,Jul 1425 Puts,130719,16:00:00,1425,P,130719,,0,,,,,38246,0,0,0,0,0,,-1
,SPX 13S1425D26,JulW4 1425 Puts,130719,16:00:00,1425,P,130726,,0.04,,0.05,,15,11915,-0.015,0,1.269,-2.421,-0.058,0,-1
,SPX 13T1425D2,AugW1 1425 Puts,130719,16:00:00,1425,P,130802,,0.09,0.05,0.1,,781,3785,-0.06,0.001,2.914,-2.636,-0.193,0,0.1
,SPX 13T1425D9,AugW2 1425 Puts,130719,16:00:00,1425,P,130809,,0.17,,0.2,0.176,,2503,-0.13,0.002,5.659,-3.224,-0.48,0,-1
,SPX 13T1425,Aug 1425 Puts,130719,16:00:00,1425,P,130816,0.26,0.27,0.3,0.35,0.222,1180,36179,-0.224,0.003,9.126,-4.591,-0.915,0,0.35
,SPX 13T1425D23,AugW4 1425 Puts,130719,16:00:00,1425,P,130823,0.236,0.45,0.25,0.6,-0.044,,,-0.382,0.005,14.615,-4.455,-1.75,0,-1
,SPX 13U1425,Sep 1425 Puts,130719,16:00:00,1425,P,130920,0.217,1.68,1.4,1.9,-0.018,1429,54825,-1.323,0.014,45.124,-7.577,-8.364,0,1.7
,SPX 13U1425D30,SepQ 1425 Puts,130719,16:00:00,1425,P,130930,0.212,2.34,1.9,2.7,-0.017,,415,-1.748,0.017,59.515,-8.346,-12.51,0.001,-1
,SPX 13V1425,Oct 1425 Puts,130719,16:00:00,1425,P,131018,0.213,3.99,3.5,4.5,0.003,1005,3283,-2.627,0.023,88.806,-10.26,-22.4,0.002,4
,SPX 13X1425,Dec 1425 Puts,130719,16:00:00,1425,P,131220,0.209,11.19,10.5,12,0.005,64,23284,-5.322,0.035,190.061,-12.809,-74.3,0.013,11.3
,SPX 13X1425D31,DecQ 1425 Puts,130719,16:00:00,1425,P,131231,0.207,12.54,11.7,13.4,0.001,,15428,-5.801,0.037,207.034,-12.777,-85.852,0.016,-1
,SPX 14O1425,Mar14 1425 Puts,130719,16:00:00,1425,P,140321,0.206,23.6,22.2,24.3,-0.015,,1875,-8.233,0.045,318.294,-13.101,-182.096,0.041,-1
,SPX 14R1425,Jun14 1425 Puts,130719,16:00:00,1425,P,140621,0.207,36.64,34.9,37.5,-0.011,1,5953,-10.738,0.05,425.401,-12.601,-314.502,0.071,36.8
,SPX 13G1430,Jul 1430 Calls,130719,16:00:00,1430,C,130719,,262.1,,,,,28,100,0,0,0,0,,-1
,SPX 13G1430D26,JulW4 1430 Calls,130719,16:00:00,1430,C,130726,,261.97,262.2,263.9,0.004,,14,99.957,0.001,7.645,-20.722,30.879,1,-1
,SPX 13H1430D2,AugW1 1430 Calls,130719,16:00:00,1430,C,130802,,260.89,261.8,263.5,0.007,,24,99.93,0,0.052,0.355,58.726,1,-1
,SPX 13H1430D9,AugW2 1430 Calls,130719,16:00:00,1430,C,130809,,260.34,260.5,262.2,0.004,,,99.886,0,0.378,0.192,86.11,1,-1
,SPX 13H1430,Aug 1430 Calls,130719,16:00:00,1430,C,130816,,259.87,259.1,261.7,0.002,,58,99.85,0.001,0.629,0.119,109.579,1,-1
,SPX 13H1430D23,AugW4 1430 Calls,130719,16:00:00,1430,C,130823,,259.3,259.4,261.1,0.004,,,99.721,0.003,3.314,-0.55,140.622,1,-1
,SPX 13I1430,Sep 1430 Calls,130719,16:00:00,1430,C,130920,,263.95,258.2,261,-0.016,,,98.505,0.01,96.863,-21.662,224.444,1,-1
,SPX 13I1430D30,SepQ 1430 Calls,130719,16:00:00,1430,C,130930,,257.06,257.7,261.4,0.01,,,98.759,0.014,27.386,-3.063,284.807,0.999,-1
,SPX 13J1430,Oct 1430 Calls,130719,16:00:00,1430,C,131018,,264.19,258.7,261.7,-0.015,,,97.259,0.017,133.378,-18.592,317.602,0.998,-1
,SPX 13S1430,Jul 1430 Puts,130719,16:00:00,1430,P,130719,,0,,,,,8714,0,0,0,0,0,,-1
,SPX 13S1430D26,JulW4 1430 Puts,130719,16:00:00,1430,P,130726,,0.05,,0.05,,,1349,-0.016,0,1.313,-2.469,-0.06,0,-1
,SPX 13T1430D2,AugW1 1430 Puts,130719,16:00:00,1430,P,130802,,0.09,0.05,0.1,,,,-0.064,0.001,3.061,-2.733,-0.204,0,-1
,SPX 13T1430D9,AugW2 1430 Puts,130719,16:00:00,1430,P,130809,,0.17,0.05,0.25,,310,,-0.14,0.002,5.96,-3.356,-0.508,0,0.2
,SPX 13T1430,Aug 1430 Puts,130719,16:00:00,1430,P,130816,0.265,0.29,0.3,0.6,0.552,,3437,-0.242,0.003,9.613,-5.896,-0.971,0,-1
,SPX 13T1430D23,AugW4 1430 Puts,130719,16:00:00,1430,P,130823,0.234,0.48,0.25,0.65,-0.062,,,-0.411,0.005,15.386,-4.643,-1.856,0,-1
,SPX 13U1430,Sep 1430 Puts,130719,16:00:00,1430,P,130920,0.215,1.76,1.25,2.15,-0.028,5,1735,-1.408,0.015,47.124,-7.767,-8.812,0,1.9
,SPX 13U1430D30,SepQ 1430 Puts,130719,16:00:00,1430,P,130930,0.21,2.45,2,2.85,-0.012,,,-1.853,0.018,61.959,-8.62,-13.142,0.001,-1
,SPX 13V1430,Oct 1430 Puts,130719,16:00:00,1430,P,131018,0.21,4.16,3.6,4.6,-0.014,,6,-2.767,0.024,91.919,-10.454,-23.396,0.002,-1
,SPX 13G1435,Jul 1435 Calls,130719,16:00:00,1435,C,130719,,257.1,,,,,2,100,0,0,0,0,,-1
,SPX 13G1435D26,JulW4 1435 Calls,130719,16:00:00,1435,C,130726,,256.97,257.2,258.9,0.004,,,99.953,0.001,7.782,-20.74,30.98,1,-1
,SPX 13H1435D2,AugW1 1435 Calls,130719,16:00:00,1435,C,130802,,255.89,256.8,258.5,0.007,,14,99.93,0,0.063,0.351,58.93,1,-1
,SPX 13H1435D9,AugW2 1435 Calls,130719,16:00:00,1435,C,130809,,255.34,255.5,257.2,0.004,,,99.884,0,0.441,0.17,86.407,1,-1
,SPX 13H1435,Aug 1435 Calls,130719,16:00:00,1435,C,130816,,254.87,253.9,256.5,0.001,,,99.846,0.001,0.736,0.09,109.954,1,-1
,SPX 13H1435D23,AugW4 1435 Calls,,,1435,C,130823,,254.31,,,,,,99.705,0.003,3.705,-0.638,141.072,1,
,SPX 13I1435,Sep 1435 Calls,130719,16:00:00,1435,C,130920,,259.05,253.3,256.1,-0.017,,,98.443,0.011,98.617,-21.773,224.79,1,-1
,SPX 13S1435,Jul 1435 Puts,130719,16:00:00,1435,P,130719,,0,,,,,11089,0,0,0,0,0,,-1
,SPX 13S1435D26,JulW4 1435 Puts,130719,16:00:00,1435,P,130726,,0.05,,0.05,,,1340,-0.017,0,1.361,-2.52,-0.063,0,-1
,SPX 13T1435D2,AugW1 1435 Puts,130719,16:00:00,1435,P,130802,,0.1,0.05,0.1,,50,53,-0.069,0.001,3.218,-2.837,-0.215,0,0.15
,SPX 13T1435D9,AugW2 1435 Puts,130719,16:00:00,1435,P,130809,,0.18,0.05,0.35,0.111,,,-0.151,0.002,6.282,-3.495,-0.539,0,-1
,SPX 13T1435,Aug 1435 Puts,130719,16:00:00,1435,P,130816,,0.3,0.05,0.6,0.1,,1132,-0.26,0.003,10.132,-4.246,-1.031,0,-1
,SPX 13T1435D23,AugW4 1435 Puts,,,1435,P,130823,,0.5,,,,,,-0.442,0.005,16.205,-5.035,-1.97,0,
,SPX 13U1435,Sep 1435 Puts,130719,16:00:00,1435,P,130920,0.213,1.86,1.35,2.25,-0.032,7,4464,-1.498,0.016,49.217,-8.045,-9.287,0,1.75
,SPX 13G1440,Jul 1440 Calls,130719,16:00:00,1440,C,130719,,252.1,,,,,22,100,0,0,0,0,,-1
,SPX 13G1440D26,JulW4 1440 Calls,130719,16:00:00,1440,C,130726,,251.98,252.2,253.9,0.004,,,99.95,0.001,7.925,-20.763,31.08,1,-1
,SPX 13H1440D2,AugW1 1440 Calls,130719,16:00:00,1440,C,130802,,250.89,251.8,253.5,0.007,,,99.929,0,0.076,0.345,59.135,1,-1
,SPX 13H1440D9,AugW2 1440 Calls,130719,16:00:00,1440,C,130809,,250.34,250.5,252.2,0.004,,,99.881,0.001,0.514,0.144,86.703,1,-1
,SPX 13H1440,Aug 1440 Calls,130719,16:00:00,1440,C,130816,,249.87,249.2,251.7,0.002,,7,99.84,0.001,0.86,0.057,110.327,1,-1
,SPX 13H1440D23,AugW4 1440 Calls,130719,16:00:00,1440,C,130823,,249.31,249.4,251.2,0.004,,,99.686,0.003,4.141,-0.736,141.517,1,-1
,SPX 13I1440,Sep 1440 Calls,130719,16:00:00,1440,C,130920,,254.15,248.4,251.2,-0.017,,,98.377,0.012,100.425,-21.886,225.116,1,-1
,SPX 13I1440D30,SepQ 1440 Calls,130719,16:00:00,1440,C,130930,,247.18,247.9,251.7,0.011,,,98.584,0.016,31.539,-3.488,285.955,0.999,-1
,SPX 13J1440,Oct 1440 Calls,130719,16:00:00,1440,C,131018,,254.54,249.1,252.1,-0.015,,,97.05,0.019,138.567,-18.892,318.09,0.997,-1
,SPX 13S1440,Jul 1440 Puts,130719,16:00:00,1440,P,130719,,0,,,,,8043,0,0,0,0,0,,-1
,SPX 13S1440D26,JulW4 1440 Puts,130719,16:00:00,1440,P,130726,,0.05,,0.05,,,2743,-0.018,0,1.411,-2.574,-0.065,0,-1
,SPX 13T1440D2,AugW1 1440 Puts,130719,16:00:00,1440,P,130802,,0.1,0.1,0.15,,35,394,-0.075,0.001,3.386,-2.946,-0.228,0,0.1
,SPX 13T1440D9,AugW2 1440 Puts,130719,16:00:00,1440,P,130809,,0.19,0.05,0.35,0.053,115,2,-0.162,0.002,6.626,-3.642,-0.573,0,0.2
,SPX 13T1440,Aug 1440 Puts,130719,16:00:00,1440,P,130816,0.256,0.32,0.25,0.65,0.406,13,1903,-0.28,0.004,10.685,-5.878,-1.095,0,0.45
,SPX 13T1440D23,AugW4 1440 Puts,130719,16:00:00,1440,P,130823,0.229,0.53,0.35,0.7,-0.019,,,-0.475,0.006,17.076,-5.182,-2.093,0,-1
,SPX 13U1440,Sep 1440 Puts,130719,16:00:00,1440,P,130920,0.211,1.95,1.45,2.35,-0.026,16,18220,-1.595,0.017,51.407,-8.334,-9.79,0,2
,SPX 13U1440D30,SepQ 1440 Puts,130719,16:00:00,1440,P,130930,0.207,2.7,2.3,3.1,0,,1,-2.083,0.021,67.154,-9.282,-14.511,0.001,-1
,SPX 13V1440,Oct 1440 Puts,130719,16:00:00,1440,P,131018,0.208,4.54,4.1,5.1,0.013,,,-3.071,0.027,98.459,-11.209,-25.531,0.003,-1
,SPX 13G1445,Jul 1445 Calls,130719,16:00:00,1445,C,130719,,247.1,,,,,49,100,0,0,0,0,,-1
,SPX 13G1445D26,JulW4 1445 Calls,130719,16:00:00,1445,C,130726,,246.98,247.2,248.9,0.004,,,99.946,0.001,8.074,-20.791,31.18,1,-1
,SPX 13H1445D2,AugW1 1445 Calls,130719,16:00:00,1445,C,130802,,245.89,246.8,248.5,0.007,,,99.928,0,0.091,0.338,59.34,1,-1
,SPX 13H1445D9,AugW2 1445 Calls,130719,16:00:00,1445,C,130809,,245.34,245.5,247.2,0.004,,,99.877,0.001,0.599,0.114,86.998,1,-1
,SPX 13H1445,Aug 1445 Calls,130719,16:00:00,1445,C,130816,,244.88,244.2,246.8,0.003,,3,99.834,0.001,1.005,0.018,110.698,1,-1
,SPX 13H1445D23,AugW4 1445 Calls,,,1445,C,130823,,244.32,,,,,,99.665,0.004,4.627,-0.844,141.955,1,
,SPX 13I1445,Sep 1445 Calls,130719,16:00:00,1445,C,130920,,249.25,243.5,246.3,-0.017,,,98.307,0.012,102.29,-22.002,225.42,0.999,-1
,SPX 13S1445,Jul 1445 Puts,130719,16:00:00,1445,P,130719,,0,,,,,1995,0,0,0,0,0,,-1
,SPX 13S1445D26,JulW4 1445 Puts,130719,16:00:00,1445,P,130726,,0.05,,0.05,,,576,-0.02,0,1.465,-2.631,-0.068,0,-1
,SPX 13T1445D2,AugW1 1445 Puts,130719,16:00:00,1445,P,130802,,0.11,0.05,0.15,,,3063,-0.081,0.001,3.567,-3.063,-0.241,0,-1
,SPX 13T1445D9,AugW2 1445 Puts,130719,16:00:00,1445,P,130809,,0.2,0.05,0.25,,,,-0.176,0.002,6.994,-3.798,-0.608,0,-1
,SPX 13T1445,Aug 1445 Puts,130719,16:00:00,1445,P,130816,,0.34,0.05,0.65,0.029,,4892,-0.303,0.004,11.276,-4.62,-1.164,0,-1
,SPX 13T1445D23,AugW4 1445 Puts,,,1445,P,130823,,0.56,,,,,,-0.512,0.006,18,-5.476,-2.224,0,
,SPX 13U1445,Sep 1445 Puts,130719,16:00:00,1445,P,130920,0.209,2.06,1.55,2.45,-0.029,,,-1.698,0.018,53.697,-8.633,-10.324,0.001,-1
,SPX 13G1450,Jul 1450 Calls,130719,16:00:00,1450,C,130719,,242.1,,,,,6047,100,0,0,0,0,,-1
,SPX 13G1450D26,JulW4 1450 Calls,130719,16:00:00,1450,C,130726,,241.98,242.2,243.9,0.004,,25,99.942,0.001,8.231,-20.825,31.279,1,-1
,SPX 13H1450D2,AugW1 1450 Calls,130719,16:00:00,1450,C,130802,,240.89,241.8,243.5,0.007,,31,99.927,0,0.11,0.33,59.544,1,-1
,SPX 13H1450D9,AugW2 1450 Calls,130719,16:00:00,1450,C,130809,,240.34,240.5,242.3,0.004,,,99.873,0.001,0.699,0.079,87.292,1,-1
,SPX 13H1450,Aug 1450 Calls,130719,16:00:00,1450,C,130816,,239.88,239.2,241.8,0.002,3500,3494,99.827,0.001,1.174,-0.027,111.067,1,238.8
,SPX 13H1450D23,AugW4 1450 Calls,130719,16:00:00,1450,C,130823,,239.33,239.5,241.3,0.003,40,,99.641,0.004,5.168,-0.964,142.386,1,231.75
,SPX 13I1450,Sep 1450 Calls,130719,16:00:00,1450,C,130920,,244.36,238.4,241.2,-0.019,,18271,98.233,0.013,104.213,-22.122,225.701,0.999,-1
,SPX 13I1450D30,SepQ 1450 Calls,130719,16:00:00,1450,C,130930,,237.33,238.2,242,0.012,,1288,98.375,0.019,36.256,-3.965,286.951,0.998,-1
,SPX 13J1450,Oct 1450 Calls,130719,16:00:00,1450,C,131018,,244.92,239.5,242.5,-0.016,,200,96.818,0.021,144.035,-19.2,318.423,0.996,-1
,SPX 13L1450,Dec 1450 Calls,130719,16:00:00,1450,C,131220,,249.35,242.6,245.9,-0.02,,27888,94.606,0.03,240.833,-17.918,505.781,0.977,-1
,SPX 13L1450D31,DecQ 1450 Calls,130719,16:00:00,1450,C,131231,,250.26,242.9,247.1,-0.021,,285,94.146,0.032,257.663,-17.684,539.56,0.973,-1
,SPX 14C1450,Mar14 1450 Calls,130719,16:00:00,1450,C,140321,,254.95,248.9,252.5,-0.017,,843,90.872,0.042,352.619,-15.816,756.364,0.94,-1
,SPX 14F1450,Jun14 1450 Calls,130719,16:00:00,1450,C,140621,,260.72,255.9,259.9,-0.011,,4037,87.864,0.048,446.874,-14.437,991.993,0.905,-1
,SPX 13S1450,Jul 1450 Puts,130719,16:00:00,1450,P,130719,,0,,,,,91588,0,0,0,0,0,,-1
,SPX 13S1450D26,JulW4 1450 Puts,130719,16:00:00,1450,P,130726,,0.05,,0.05,,196,20566,-0.021,0,1.522,-2.692,-0.071,0,-1
,SPX 13T1450D2,AugW1 1450 Puts,130719,16:00:00,1450,P,130802,,0.11,0.1,0.15,,5254,17523,-0.087,0.001,3.761,-3.186,-0.256,0,0.15
,SPX 13T1450D9,AugW2 1450 Puts,130719,16:00:00,1450,P,130809,0.251,0.22,0.1,0.3,-0.091,206,732,-0.19,0.003,7.389,-3.741,-0.647,0,0.25
,SPX 13T1450,Aug 1450 Puts,130719,16:00:00,1450,P,130816,0.244,0.36,0.4,0.45,0.194,1676,53726,-0.327,0.004,11.907,-5.573,-1.239,0,0.45
,SPX 13T1450D23,AugW4 1450 Puts,130719,16:00:00,1450,P,130823,0.225,0.59,0.4,0.8,0.017,,,-0.551,0.007,18.984,-5.788,-2.365,0,-1
,SPX 13U1450,Sep 1450 Puts,130719,16:00:00,1450,P,130920,0.207,2.17,1.65,2.55,-0.028,2697,86468,-1.808,0.02,56.091,-8.943,-10.889,0.001,2.25
,SPX 13U1450D30,SepQ 1450 Puts,130719,16:00:00,1450,P,130930,0.204,2.98,2.6,3.4,0.013,200,2833,-2.344,0.024,72.783,-9.988,-16.035,0.002,3.5
,SPX 13V1450,Oct 1450 Puts,130719,16:00:00,1450,P,131018,0.204,4.95,4.4,5.4,-0.01,16,5319,-3.409,0.031,105.436,-11.636,-27.874,0.004,4.9
,SPX 13X1450,Dec 1450 Puts,130719,16:00:00,1450,P,131220,0.201,13.13,12.2,13.8,-0.01,,54175,-6.487,0.044,213.327,-13.743,-87.245,0.023,-1
,SPX 13X1450D31,DecQ 1450 Puts,130719,16:00:00,1450,P,131231,0.2,14.66,13.8,15.6,0.003,,595,-7.022,0.046,231.192,-13.814,-100.298,0.027,-1
,SPX 14O1450,Mar14 1450 Puts,130719,16:00:00,1450,P,140321,0.201,26.67,25.5,27.7,-0.003,,21068,-9.69,0.054,344.636,-13.896,-205.652,0.06,-1
,SPX 14R1450,Jun14 1450 Puts,130719,16:00:00,1450,P,140621,0.203,40.7,39.1,41.8,-0.006,366,18277,-12.302,0.057,452.582,-13.112,-348.334,0.095,40.9
,SPX 13G1455,Jul 1455 Calls,130719,16:00:00,1455,C,130719,,237.1,,,,,9,100,0,0,0,0,,-1
,SPX 13G1455D26,JulW4 1455 Calls,130719,16:00:00,1455,C,130726,,236.99,237.2,238.9,0.004,,,99.938,0.001,8.395,-20.865,31.378,1,-1
,SPX 13H1455D2,AugW1 1455 Calls,130719,16:00:00,1455,C,130802,,235.89,236.8,238.5,0.007,,,99.926,0,0.133,0.32,59.748,1,-1
,SPX 13H1455D9,AugW2 1455 Calls,130719,16:00:00,1455,C,130809,,235.34,235.5,237.3,0.005,,,99.868,0.001,0.815,0.038,87.585,1,-1
,SPX 13H1455,Aug 1455 Calls,130719,16:00:00,1455,C,130816,,234.88,234,236.6,0.002,,9,99.818,0.002,1.371,-0.079,111.433,1,-1
,SPX 13H1455D23,AugW4 1455 Calls,,,1455,C,130823,,234.35,,,,,,99.614,0.005,5.771,-1.096,142.809,1,
,SPX 13I1455,Sep 1455 Calls,130719,16:00:00,1455,C,130920,,239.47,233.7,236.6,-0.018,,,98.155,0.014,106.196,-22.244,225.958,0.999,-1
,SPX 13S1455,Jul 1455 Puts,130719,16:00:00,1455,P,130719,,0,,,,,8410,0,0,0,0,0,,-1
,SPX 13S1455D26,JulW4 1455 Puts,130719,16:00:00,1455,P,130726,,0.05,,0.05,,18,3261,-0.023,0,1.584,-2.756,-0.074,0,-1
,SPX 13T1455D2,AugW1 1455 Puts,130719,16:00:00,1455,P,130802,,0.12,,0.25,,7,448,-0.094,0.001,3.969,-3.318,-0.272,0,0.15
,SPX 13T1455D9,AugW2 1455 Puts,130719,16:00:00,1455,P,130809,,0.23,0.05,0.4,0,,10,-0.206,0.003,7.812,-4.138,-0.689,0,-1
,SPX 13T1455,Aug 1455 Puts,130719,16:00:00,1455,P,130816,,0.38,0.1,0.8,0.184,102,7381,-0.353,0.005,12.581,-5.036,-1.319,0,0.4
,SPX 13T1455D23,AugW4 1455 Puts,,,1455,P,130823,,0.63,,,,,,-0.595,0.008,20.029,-5.965,-2.517,0,
,SPX 13U1455,Sep 1455 Puts,130719,16:00:00,1455,P,130920,0.206,2.28,1.8,2.7,-0.013,,11,-1.926,0.021,58.594,-9.355,-11.488,0.001,-1
,SPX 13G1460,Jul 1460 Calls,130719,16:00:00,1460,C,130719,,232.1,,,,,32,100,0,0,0,0,,-1
,SPX 13G1460D26,JulW4 1460 Calls,130719,16:00:00,1460,C,130726,,231.99,232.2,233.9,0.005,,55,99.933,0.001,8.567,-20.911,31.476,1,-1
,SPX 13H1460D2,AugW1 1460 Calls,130719,16:00:00,1460,C,130802,,230.89,231.8,233.5,0.008,,10,99.925,0,0.161,0.307,59.952,1,-1
,SPX 13H1460D9,AugW2 1460 Calls,130719,16:00:00,1460,C,130809,,230.35,230.6,232.3,0.005,,14,99.861,0.001,0.95,-0.01,87.876,1,-1
,SPX 13H1460,Aug 1460 Calls,130719,16:00:00,1460,C,130816,,229.88,229,231.6,0.002,,15,99.808,0.002,1.599,-0.14,111.796,1,-1
,SPX 13H1460D23,AugW4 1460 Calls,130719,16:00:00,1460,C,130823,,229.36,229.6,231.3,0.005,,,99.583,0.006,6.441,-1.243,143.223,1,-1
,SPX 13I1460,Sep 1460 Calls,130719,16:00:00,1460,C,130920,,234.59,228.6,231.5,-0.019,,,98.073,0.015,108.243,-22.369,226.19,0.999,-1
,SPX 13I1460D30,SepQ 1460 Calls,130719,16:00:00,1460,C,130930,,227.5,228.5,232.3,0.013,,,98.128,0.023,41.595,-4.497,287.772,0.998,-1
,SPX 13J1460,Oct 1460 Calls,130719,16:00:00,1460,C,131018,,235.32,229.7,232.8,-0.017,,,96.562,0.023,149.798,-19.517,318.587,0.994,-1
,SPX 13L1460,Dec 1460 Calls,130719,16:00:00,1460,C,131220,,240.05,233.5,236.8,-0.02,,,94.241,0.033,248.56,-18.131,505.046,0.972,-1
,SPX 13S1460,Jul 1460 Puts,130719,16:00:00,1460,P,130719,,0,,,,,12818,0,0,0,0,0,,-1
,SPX 13S1460D26,JulW4 1460 Puts,130719,16:00:00,1460,P,130726,,0.05,,0.05,,,5606,-0.025,0,1.649,-2.825,-0.077,0,-1
,SPX 13T1460D2,AugW1 1460 Puts,130719,16:00:00,1460,P,130802,,0.12,0.05,0.2,,,761,-0.102,0.001,4.193,-3.458,-0.289,0,-1
,SPX 13T1460D9,AugW2 1460 Puts,130719,16:00:00,1460,P,130809,,0.24,0.05,0.4,-0.042,,16,-0.223,0.003,8.267,-4.324,-0.735,0,-1
,SPX 13T1460,Aug 1460 Puts,130719,16:00:00,1460,P,130816,,0.4,0.05,0.85,0.125,500,14619,-0.382,0.005,13.301,-5.262,-1.406,0,0.5
,SPX 13T1460D23,AugW4 1460 Puts,130719,16:00:00,1460,P,130823,0.218,0.67,0.45,0.85,-0.03,,,-0.642,0.008,21.141,-6.072,-2.681,0,-1
,SPX 13U1460,Sep 1460 Puts,130719,16:00:00,1460,P,130920,0.203,2.41,1.9,2.8,-0.021,8,355,-2.053,0.023,61.211,-9.596,-12.123,0.001,2.55
,SPX 13U1460D30,SepQ 1460 Puts,130719,16:00:00,1460,P,130930,0.2,3.29,2.9,3.7,0.003,,,-2.64,0.027,78.875,-10.55,-17.733,0.002,-1
,SPX 13V1460,Oct 1460 Puts,130719,16:00:00,1460,P,131018,0.202,5.4,4.9,6,0.009,,2,-3.787,0.034,112.868,-12.455,-30.447,0.006,-1
,SPX 13X1460,Dec 1460 Puts,130719,16:00:00,1460,P,131220,0.199,14.01,13.2,14.8,-0.001,,1262,-7.026,0.048,223.212,-14.267,-93.055,0.028,-1
,SPX 13G1465,Jul 1465 Calls,130719,16:00:00,1465,C,130719,,227.1,,,,,,100,0,0,0,0,,-1
,SPX 13G1465D26,JulW4 1465 Calls,130719,16:00:00,1465,C,130726,,226.99,227.2,228.9,0.005,,,99.928,0.001,8.747,-20.964,31.573,1,-1
,SPX 13H1465D2,AugW1 1465 Calls,130719,16:00:00,1465,C,130802,,225.89,226.8,228.6,0.008,,10,99.924,0,0.194,0.291,60.156,1,-1
,SPX 13H1465D9,AugW2 1465 Calls,130719,16:00:00,1465,C,130809,,225.35,225.6,227.3,0.005,,2,99.854,0.001,1.107,-0.065,88.165,1,-1
,SPX 13H1465,Aug 1465 Calls,130719,16:00:00,1465,C,130816,,224.89,224.3,226.9,0.003,,1,99.795,0.002,1.864,-0.21,112.156,1,-1
,SPX 13H1465D23,AugW4 1465 Calls,,,1465,C,130823,,224.38,,,,,,99.548,0.007,7.186,-1.405,143.627,1,
,SPX 13I1465,Sep 1465 Calls,130719,16:00:00,1465,C,130920,,229.71,224,226.8,-0.019,,,97.986,0.016,110.356,-22.497,226.395,0.999,-1
,SPX 13S1465,Jul 1465 Puts,130719,16:00:00,1465,P,130719,,0,,,,,7573,0,0,0,0,0,,-1
,SPX 13S1465D26,JulW4 1465 Puts,130719,16:00:00,1465,P,130726,,0.06,,0.05,,,5900,-0.027,0,1.719,-2.897,-0.081,0,-1
,SPX 13T1465D2,AugW1 1465 Puts,130719,16:00:00,1465,P,130802,,0.13,,0.25,,37,1142,-0.111,0.002,4.434,-3.607,-0.307,0,0.2
,SPX 13T1465D9,AugW2 1465 Puts,130719,16:00:00,1465,P,130809,,0.26,0.05,0.4,-0.115,,,-0.242,0.003,8.755,-4.522,-0.784,0,-1
,SPX 13T1465,Aug 1465 Puts,130719,16:00:00,1465,P,130816,,0.43,0.05,0.85,0.047,,1111,-0.414,0.006,14.072,-5.501,-1.5,0,-1
,SPX 13T1465D23,AugW4 1465 Puts,,,1465,P,130823,,0.71,,,,,,-0.693,0.009,22.325,-6.506,-2.857,0,
,SPX 13U1465,Sep 1465 Puts,130719,16:00:00,1465,P,130920,0.201,2.54,2,2.95,-0.024,,3223,-2.188,0.024,63.944,-9.94,-12.796,0.001,-1
,SPX 13G1470,Jul 1470 Calls,130719,16:00:00,1470,C,130719,,222.1,,,,,105,100,0,0,0,0,,-1
,SPX 13G1470D26,JulW4 1470 Calls,130719,16:00:00,1470,C,130726,,222,222.2,223.9,0.005,,,99.922,0.001,8.937,-21.024,31.67,1,-1
,SPX 13H1470D2,AugW1 1470 Calls,130719,16:00:00,1470,C,130802,,220.89,221.9,223.6,0.008,,,99.922,0,0.235,0.272,60.359,1,-1
,SPX 13H1470D9,AugW2 1470 Calls,130719,16:00:00,1470,C,130809,,220.35,220.6,222.3,0.005,,,99.845,0.002,1.29,-0.129,88.452,1,-1
,SPX 13H1470,Aug 1470 Calls,130719,16:00:00,1470,C,130816,,219.89,219.3,221.9,0.003,,18,99.78,0.003,2.17,-0.292,112.512,1,-1
,SPX 13H1470D23,AugW4 1470 Calls,130719,16:00:00,1470,C,130823,,219.39,219.7,221.4,0.005,,,99.508,0.007,8.013,-1.585,144.019,1,-1
,SPX 13I1470,Sep 1470 Calls,130719,16:00:00,1470,C,130920,,224.84,218.9,221.8,-0.02,,8,97.893,0.017,112.537,-22.628,226.571,0.998,-1
,SPX 13I1470D30,SepQ 1470 Calls,130719,16:00:00,1470,C,130930,,217.7,218.9,222.7,0.014,,,97.836,0.028,47.618,-5.09,288.389,0.996,-1
,SPX 13J1470,Oct 1470 Calls,130719,16:00:00,1470,C,131018,,225.76,220.5,223.5,-0.017,,2,96.279,0.026,155.871,-19.842,318.564,0.992,-1
,SPX 13S1470,Jul 1470 Puts,130719,16:00:00,1470,P,130719,,0,,,,,6816,0,0,0,0,0,,-1
,SPX 13S1470D26,JulW4 1470 Puts,130719,16:00:00,1470,P,130726,,0.06,,0.05,,15,3339,-0.029,0,1.794,-2.975,-0.085,0,-1
,SPX 13T1470D2,AugW1 1470 Puts,130719,16:00:00,1470,P,130802,,0.14,,0.25,,2,93,-0.121,0.002,4.694,-3.766,-0.328,0,0.15
,SPX 13T1470D9,AugW2 1470 Puts,130719,16:00:00,1470,P,130809,0.237,0.27,0.1,0.4,-0.074,,104,-0.263,0.004,9.279,-4.404,-0.838,0,-1
,SPX 13T1470,Aug 1470 Puts,130719,16:00:00,1470,P,130816,,0.45,0.1,0.6,-0.2,101,11733,-0.449,0.006,14.896,-5.755,-1.602,0,0.5
,SPX 13T1470D23,AugW4 1470 Puts,130719,16:00:00,1470,P,130823,0.214,0.75,0.55,0.95,0,,,-0.749,0.01,23.585,-6.798,-3.047,0,-1
,SPX 13U1470,Sep 1470 Puts,130719,16:00:00,1470,P,130920,0.201,2.68,2.2,3.2,0.007,,5734,-2.333,0.026,66.8,-10.59,-13.51,0.002,-1
,SPX 13U1470D30,SepQ 1470 Puts,130719,16:00:00,1470,P,130930,0.196,3.64,3.1,4.1,-0.011,,2000,-2.976,0.031,85.458,-11.145,-19.624,0.004,-1
,SPX 13V1470,Oct 1470 Puts,130719,16:00:00,1470,P,131018,0.197,5.9,5.3,6.4,-0.008,,,-4.209,0.039,120.77,-12.926,-33.27,0.008,-1
,SPX 13G1475,Jul 1475 Calls,130719,16:00:00,1475,C,130719,,217.1,,,,,1595,100,0,0,0,0,,-1
,SPX 13G1475D26,JulW4 1475 Calls,130719,16:00:00,1475,C,130726,,217,217.2,218.9,0.005,,43,99.916,0.001,9.137,-21.092,31.766,1,-1
,SPX 13H1475D2,AugW1 1475 Calls,130719,16:00:00,1475,C,130802,,215.89,216.9,218.6,0.009,,,99.919,0,0.283,0.249,60.561,1,-1
,SPX 13H1475D9,AugW2 1475 Calls,130719,16:00:00,1475,C,130809,,215.35,215.6,217.4,0.005,,,99.835,0.002,1.503,-0.204,88.737,1,-1
,SPX 13H1475,Aug 1475 Calls,130719,16:00:00,1475,C,130816,,214.9,214.3,217,0.003,,555,99.763,0.003,2.525,-0.385,112.862,1,-1
,SPX 13H1475D23,AugW4 1475 Calls,130719,16:00:00,1475,C,130823,,214.41,214.7,216.5,0.006,,,99.462,0.008,8.932,-1.782,144.398,1,-1
,SPX 13I1475,Sep 1475 Calls,130719,16:00:00,1475,C,130920,,219.98,214.3,217.2,-0.019,,9575,97.795,0.018,114.789,-22.762,226.717,0.998,-1
,SPX 13I1475D30,SepQ 1475 Calls,130719,16:00:00,1475,C,130930,,212.81,214.1,217.9,0.015,,138,97.67,0.03,50.905,-5.41,288.611,0.996,-1
,SPX 13J1475,Oct 1475 Calls,130719,16:00:00,1475,C,131018,,220.99,215.5,218.6,-0.018,,706,96.126,0.027,159.029,-20.007,318.477,0.99,-1
,SPX 13L1475,Dec 1475 Calls,130719,16:00:00,1475,C,131220,,226.18,220,223.3,-0.02,,9758,93.632,0.038,260.654,-18.448,503.338,0.962,-1
,SPX 13L1475D31,DecQ 1475 Calls,130719,16:00:00,1475,C,131231,,227.25,220.5,224.7,-0.02,,454,93.123,0.039,278.186,-18.189,536.526,0.955,-1
,SPX 14C1475,Mar14 1475 Calls,130719,16:00:00,1475,C,140321,,233.03,227.6,231.3,-0.015,,80,89.54,0.05,377.237,-16.273,748.705,0.915,-1
,SPX 14F1475,Jun14 1475 Calls,130719,16:00:00,1475,C,140621,,239.8,235.5,239.4,-0.01,,1677,86.237,0.067,473.856,-14.811,979.312,0.875,-1
,SPX 13S1475,Jul 1475 Puts,130719,16:00:00,1475,P,130719,,0,,,,,34473,0,0,0,0,0,,-1
,SPX 13S1475D26,JulW4 1475 Puts,130719,16:00:00,1475,P,130726,,0.06,,0.05,,6748,13408,-0.031,0,1.875,-3.057,-0.089,0,-1
,SPX 13T1475D2,AugW1 1475 Puts,130719,16:00:00,1475,P,130802,,0.14,0.05,0.2,,3644,5033,-0.132,0.002,4.975,-3.936,-0.35,0,0.2
,SPX 13T1475D9,AugW2 1475 Puts,130719,16:00:00,1475,P,130809,0.232,0.29,0.1,0.4,-0.138,,238,-0.286,0.004,9.843,-4.414,-0.896,0,-1
,SPX 13T1475,Aug 1475 Puts,130719,16:00:00,1475,P,130816,0.228,0.48,0.5,0.6,0.146,32,20692,-0.487,0.007,15.779,-6.678,-1.712,0,0.55
,SPX 13T1475D23,AugW4 1475 Puts,130719,16:00:00,1475,P,130823,0.212,0.8,0.6,1,0,,,-0.81,0.011,24.926,-7.105,-3.251,0,-1
,SPX 13U1475,Sep 1475 Puts,130719,16:00:00,1475,P,130920,0.198,2.83,2.3,3.3,-0.011,257,41653,-2.488,0.028,69.782,-10.763,-14.268,0.002,2.9
,SPX 13U1475D30,SepQ 1475 Puts,130719,16:00:00,1475,P,130930,0.198,3.83,3.8,4.4,0.07,,7539,-3.16,0.033,88.943,-12.203,-20.65,0.004,-1
,SPX 13V1475,Oct 1475 Puts,130719,16:00:00,1475,P,131018,0.197,6.17,5.7,6.9,0.019,275,10526,-4.437,0.041,124.901,-13.557,-34.783,0.01,6.15
,SPX 13X1475,Dec 1475 Puts,130719,16:00:00,1475,P,131220,0.195,15.45,14.6,16.2,-0.003,,43449,-7.92,0.055,238.63,-14.943,-102.521,0.038,-1
,SPX 13X1475D31,DecQ 1475 Puts,130719,16:00:00,1475,P,131231,0.194,17.17,16.2,18.1,-0.001,,53,-8.501,0.057,257.217,-14.871,-117.206,0.045,-1
,SPX 14O1475,Mar14 1475 Puts,130719,16:00:00,1475,P,140321,0.195,30.19,29,31.2,-0.003,,8347,-11.386,0.064,371.947,-14.493,-232.292,0.085,-1
,SPX 14R1475,Jun14 1475 Puts,130719,16:00:00,1475,P,140621,0.198,45.24,43.8,46.4,-0.002,8,3970,-14.063,0.065,479.901,-13.591,-385.557,0.125,46.4
,SPX 13G1480,Jul 1480 Calls,130719,16:00:00,1480,C,130719,,212.1,,,,,97,100,0,0,0,0,,-1
,SPX 13G1480D26,JulW4 1480 Calls,130719,16:00:00,1480,C,130726,,212.01,212.2,213.9,0.005,,,99.91,0.001,9.348,-21.169,31.861,1,-1
,SPX 13H1480D2,AugW1 1480 Calls,130719,16:00:00,1480,C,130802,,210.89,211.9,213.6,0.009,,11,99.916,0.001,0.342,0.22,60.763,1,-1
,SPX 13H1480D9,AugW2 1480 Calls,130719,16:00:00,1480,C,130809,,210.36,210.6,212.4,0.005,,14,99.822,0.002,1.75,-0.29,89.018,1,-1
,SPX 13H1480,Aug 1480 Calls,130719,16:00:00,1480,C,130816,,209.9,209.3,212,0.004,,218,99.742,0.004,2.935,-0.494,113.207,1,-1
,SPX 13H1480D23,AugW4 1480 Calls,130719,16:00:00,1480,C,130823,,209.44,209.8,211.5,0.006,,,99.41,0.01,9.95,-2,144.763,1,-1
,SPX 13I1480,Sep 1480 Calls,130719,16:00:00,1480,C,130920,,215.11,209.2,212.1,-0.021,,95,97.691,0.019,117.115,-22.899,226.832,0.997,-1
,SPX 13I1480D30,SepQ 1480 Calls,130719,16:00:00,1480,C,130930,,207.94,209.3,213.1,0.016,,,97.49,0.033,54.385,-5.747,288.771,0.995,-1
,SPX 13J1480,Oct 1480 Calls,130719,16:00:00,1480,C,131018,,216.23,210.8,213.9,-0.018,,2,95.964,0.029,162.271,-20.174,318.336,0.989,-1
,SPX 13S1480,Jul 1480 Puts,130719,16:00:00,1480,P,130719,,0,,,,,10619,0,0,0,0,0,,-1
,SPX 13S1480D26,JulW4 1480 Puts,130719,16:00:00,1480,P,130726,,0.06,,0.05,,3220,474,-0.034,0,1.962,-3.145,-0.094,0,0.05
,SPX 13T1480D2,AugW1 1480 Puts,130719,16:00:00,1480,P,130802,,0.15,0.05,0.3,,,402,-0.144,0.002,5.279,-4.117,-0.374,0,-1
,SPX 13T1480D9,AugW2 1480 Puts,130719,16:00:00,1480,P,130809,0.23,0.31,0.1,0.45,-0.097,,168,-0.311,0.005,10.45,-4.835,-0.959,0,-1
,SPX 13T1480,Aug 1480 Puts,130719,16:00:00,1480,P,130816,,0.51,0.05,0.65,-0.314,,5291,-0.529,0.008,16.725,-6.306,-1.831,0,-1
,SPX 13T1480D23,AugW4 1480 Puts,130719,16:00:00,1480,P,130823,0.209,0.85,0.65,1.05,0,,,-0.877,0.012,26.353,-7.429,-3.472,0,-1
,SPX 13U1480,Sep 1480 Puts,130719,16:00:00,1480,P,130920,0.196,2.98,2.5,3.4,-0.007,39,14036,-2.654,0.03,72.895,-11.146,-15.071,0.003,3.1
,SPX 13U1480D30,SepQ 1480 Puts,130719,16:00:00,1480,P,130930,0.193,4.03,3.5,4.5,-0.007,,15,-3.357,0.035,92.561,-11.873,-21.732,0.005,-1
,SPX 13V1480,Oct 1480 Puts,130719,16:00:00,1480,P,131018,0.196,6.45,6,7.2,0.023,1,2316,-4.679,0.043,129.156,-13.906,-36.369,0.011,6.7
,SPX 13G1485,Jul 1485 Calls,130719,16:00:00,1485,C,130719,,207.1,,,,,13,100,0,0,0,0,,-1
,SPX 13G1485D26,JulW4 1485 Calls,130719,16:00:00,1485,C,130726,,207.01,207.2,209,0.005,,,99.903,0.001,9.57,-21.254,31.956,1,-1
,SPX 13H1485D2,AugW1 1485 Calls,130719,16:00:00,1485,C,130802,,205.89,206.9,208.6,0.009,,12,99.913,0.001,0.414,0.186,60.964,1,-1
,SPX 13H1485D9,AugW2 1485 Calls,130719,16:00:00,1485,C,130809,,205.36,205.7,207.4,0.006,,14,99.807,0.003,2.037,-0.39,89.296,1,-1
,SPX 13H1485,Aug 1485 Calls,130719,16:00:00,1485,C,130816,,204.91,204.4,207,0.004,,7,99.717,0.005,3.408,-0.618,113.545,1,-1
,SPX 13H1485D23,AugW4 1485 Calls,,,1485,C,130823,,204.46,,,,,,99.351,0.011,11.078,-2.24,145.111,1,
,SPX 13I1485,Sep 1485 Calls,130719,16:00:00,1485,C,130920,,210.26,204.4,207.3,-0.021,,194,97.58,0.02,119.517,-23.039,226.913,0.997,-1
,SPX 13S1485,Jul 1485 Puts,130719,16:00:00,1485,P,130719,,0,,,,,10851,0,0,0,0,0,,-1
,SPX 13S1485D26,JulW4 1485 Puts,130719,16:00:00,1485,P,130726,,0.06,,0.05,,165,1875,-0.037,0.001,2.055,-3.239,-0.099,0,0.05
,SPX 13T1485D2,AugW1 1485 Puts,130719,16:00:00,1485,P,130802,,0.16,0.05,0.3,0.125,,77,-0.157,0.002,5.608,-4.311,-0.4,0,-1
,SPX 13T1485D9,AugW2 1485 Puts,130719,16:00:00,1485,P,130809,0.227,0.33,0.15,0.45,-0.091,,10,-0.339,0.005,11.105,-5.071,-1.028,0,-1
,SPX 13T1485,Aug 1485 Puts,130719,16:00:00,1485,P,130816,,0.55,0.05,0.75,-0.273,,8365,-0.575,0.008,17.739,-6.607,-1.961,0,-1
,SPX 13T1485D23,AugW4 1485 Puts,,,1485,P,130823,,0.91,,,,,,-0.949,0.013,27.874,-7.769,-3.711,0,
,SPX 13U1485,Sep 1485 Puts,130719,16:00:00,1485,P,130920,0.196,3.15,2.7,3.7,0.016,,4269,-2.832,0.032,76.143,-11.749,-15.923,0.003,-1
,SPX 13G1490,Jul 1490 Calls,130719,16:00:00,1490,C,130719,,202.1,,,,,49,100,0,0,0,0,,-1
,SPX 13G1490D26,JulW4 1490 Calls,130719,16:00:00,1490,C,130726,,202.02,202.2,204,0.005,,40,99.895,0.001,9.805,-21.348,32.049,1,-1
,SPX 13H1490D2,AugW1 1490 Calls,130719,16:00:00,1490,C,130802,,200.89,201.9,203.6,0.009,,14,99.908,0.001,0.5,0.144,61.165,1,-1
,SPX 13H1490D9,AugW2 1490 Calls,130719,16:00:00,1490,C,130809,,200.37,200.7,202.4,0.006,,,99.789,0.003,2.37,-0.506,89.57,1,-1
,SPX 13H1490,Aug 1490 Calls,130719,16:00:00,1490,C,130816,,199.92,199.4,202.1,0.004,,57,99.688,0.006,3.952,-0.76,113.875,1,-1
,SPX 13H1490D23,AugW4 1490 Calls,130719,16:00:00,1490,C,130823,,199.49,199.9,201.7,0.007,,,99.284,0.013,12.326,-2.504,145.441,1,-1
,SPX 13I1490,Sep 1490 Calls,130719,16:00:00,1490,C,130920,,205.41,199.8,202.7,-0.02,,152,97.463,0.021,121.999,-23.182,226.958,0.996,-1
,SPX 13I1490D30,SepQ 1490 Calls,130719,16:00:00,1490,C,130930,,198.22,199.7,203.6,0.017,,,97.083,0.039,61.955,-6.471,288.885,0.992,-1
,SPX 13J1490,Oct 1490 Calls,130719,16:00:00,1490,C,131018,,206.74,201.4,204.7,-0.018,,,95.614,0.033,169.011,-20.513,317.882,0.985,-1
,SPX 13S1490,Jul 1490 Puts,130719,16:00:00,1490,P,130719,,0,,,,,9784,0,0,0,0,0,,-1
,SPX 13S1490D26,JulW4 1490 Puts,130719,16:00:00,1490,P,130726,,0.07,,0.05,,2011,459,-0.04,0.001,2.156,-3.34,-0.104,0,0.05
,SPX 13T1490D2,AugW1 1490 Puts,130719,16:00:00,1490,P,130802,,0.17,0.05,0.25,-0.059,68,300,-0.171,0.003,5.964,-4.519,-0.428,0,0.3
,SPX 13T1490D9,AugW2 1490 Puts,130719,16:00:00,1490,P,130809,0.224,0.35,0.2,0.45,-0.057,5,51,-0.371,0.006,11.81,-5.478,-1.103,0,0.5
,SPX 13T1490,Aug 1490 Puts,130719,16:00:00,1490,P,130816,0.224,0.58,0.5,1.05,0.328,3,6909,-0.626,0.009,18.826,-8.637,-2.101,0,0.7
,SPX 13T1490D23,AugW4 1490 Puts,130719,16:00:00,1490,P,130823,0.204,0.97,0.75,1.15,-0.021,,2390,-1.029,0.015,29.494,-8.031,-3.968,0,-1
,SPX 13U1490,Sep 1490 Puts,130719,16:00:00,1490,P,130920,0.193,3.33,2.8,3.8,-0.003,7,13886,-3.023,0.035,79.53,-12.054,-16.827,0.004,3.7
,SPX 13U1490D30,SepQ 1490 Puts,130719,16:00:00,1490,P,130930,0.189,4.46,3.9,4.9,-0.013,,14,-3.789,0.04,100.211,-12.64,-24.081,0.008,-1
,SPX 13V1490,Oct 1490 Puts,130719,16:00:00,1490,P,131018,0.192,7.06,6.5,7.7,0.01,835,2803,-5.204,0.049,138.035,-14.52,-39.769,0.015,7.8
,SPX 13G1495,Jul 1495 Calls,130719,16:00:00,1495,C,130719,,197.1,,,,,,100,0,0,0,0,,-1
,SPX 13G1495D26,JulW4 1495 Calls,130719,16:00:00,1495,C,130726,,197.02,197.2,199,0.005,,14,99.887,0.002,10.053,-21.453,32.142,1,-1
,SPX 13H1495D2,AugW1 1495 Calls,130719,16:00:00,1495,C,130802,,195.89,196.9,198.6,0.009,,,99.902,0.001,0.604,0.093,61.364,1,-1
,SPX 13H1495D9,AugW2 1495 Calls,130719,16:00:00,1495,C,130809,,195.38,195.7,197.4,0.006,,,99.768,0.004,2.756,-0.639,89.839,1,-1
,SPX 13H1495,Aug 1495 Calls,130719,16:00:00,1495,C,130816,,194.93,194.5,197.1,0.004,,,99.654,0.007,4.579,-0.924,114.196,1,-1
,SPX 13H1495D23,AugW4 1495 Calls,,,1495,C,130823,,194.53,,,,,,99.207,0.014,13.706,-2.793,145.75,1,
,SPX 13I1495,Sep 1495 Calls,130719,16:00:00,1495,C,130920,,200.57,195,197.9,-0.021,,,97.338,0.023,124.563,-23.328,226.965,0.995,-1
,SPX 13S1495,Jul 1495 Puts,130719,16:00:00,1495,P,130719,,0,,,,,6012,0,0,0,0,0,,-1
,SPX 13S1495D26,JulW4 1495 Puts,130719,16:00:00,1495,P,130726,,0.07,0.05,0.1,,416,1448,-0.043,0.001,2.265,-3.448,-0.11,0,0.05
,SPX 13T1495D2,AugW1 1495 Puts,130719,16:00:00,1495,P,130802,0.253,0.18,0.15,0.3,0.222,56,70,-0.188,0.003,6.35,-5.544,-0.46,0,0.2
,SPX 13T1495D9,AugW2 1495 Puts,130719,16:00:00,1495,P,130809,0.221,0.37,0.2,0.5,-0.054,,10,-0.405,0.006,12.572,-5.754,-1.185,0,-1
,SPX 13T1495,Aug 1495 Puts,130719,16:00:00,1495,P,130816,,0.62,0.15,1.05,-0.032,,13227,-0.682,0.01,19.992,-7.263,-2.254,0,-1
,SPX 13T1495D23,AugW4 1495 Puts,,,1495,P,130823,,1.03,,,,,,-1.116,0.016,31.219,-8.505,-4.246,0,
,SPX 13U1495,Sep 1495 Puts,130719,16:00:00,1495,P,130920,0.192,3.51,3.1,4.1,0.028,68,2205,-3.227,0.037,83.061,-12.693,-17.786,0.005,3.75
,SPX 13G1500,Jul 1500 Calls,130719,16:00:00,1500,C,130719,,192.1,,,,,17839,100,0,0,0,0,,-1
,SPX 13G1500D26,JulW4 1500 Calls,130719,16:00:00,1500,C,130726,,192.03,192.3,194,0.006,,30,99.878,0.002,10.316,-21.569,32.233,1,-1
,SPX 13H1500D2,AugW1 1500 Calls,130719,16:00:00,1500,C,130802,,190.9,191.9,193.7,0.01,,10,99.895,0.001,0.729,0.032,61.562,1,-1
,SPX 13H1500D9,AugW2 1500 Calls,130719,16:00:00,1500,C,130809,,190.38,190.7,192.5,0.006,,,99.743,0.005,3.202,-0.793,90.102,1,-1
,SPX 13H1500,Aug 1500 Calls,130719,16:00:00,1500,C,130816,,189.95,189.5,192.2,0.005,,18506,99.613,0.008,5.299,-1.111,114.506,1,-1
,SPX 13H1500D23,AugW4 1500 Calls,130719,16:00:00,1500,C,130823,,189.57,190,191.8,0.007,,,99.121,0.016,15.228,-3.111,146.036,1,-1
,SPX 13I1500,Sep 1500 Calls,130719,16:00:00,1500,C,130920,,195.74,190.2,193.1,-0.021,,32131,97.205,0.024,127.214,-23.476,226.932,0.994,-1
,SPX 13I1500D30,SepQ 1500 Calls,130719,16:00:00,1500,C,130930,,188.55,190.2,194.1,0.019,,640,96.604,0.046,70.383,-7.267,288.69,0.989,-1
,SPX 13J1500,Oct 1500 Calls,130719,16:00:00,1500,C,131018,,197.29,192.1,195.4,-0.018,,200,95.224,0.036,176.107,-20.857,317.179,0.98,-1
,SPX 13L1500,Dec 1500 Calls,130719,16:00:00,1500,C,131220,,203.33,197.7,200.9,-0.02,2,51288,92.426,0.048,282.14,-18.963,498.663,0.939,198.1
,SPX 13L1500D31,DecQ 1500 Calls,130719,16:00:00,1500,C,131231,,204.57,198.6,202.7,-0.019,,734,91.866,0.049,300.261,-18.675,531.116,0.931,-1
,SPX 14C1500,Mar14 1500 Calls,130719,16:00:00,1500,C,140321,,211.51,206.9,210.5,-0.013,,4850,87.909,0.076,402.642,-16.693,737.872,0.884,-1
,SPX 14F1500,Jun14 1500 Calls,130719,16:00:00,1500,C,140621,,219.42,216,219.9,-0.007,,7149,84.198,0.077,501.01,-15.155,962.665,0.841,-1
,SPX 13S1500,Jul 1500 Puts,130719,16:00:00,1500,P,130719,,0,,,,,90051,0,0,0,0,0,,-1
,SPX 13S1500D26,JulW4 1500 Puts,130719,16:00:00,1500,P,130726,,0.07,,0.1,,110,13623,-0.047,0.001,2.383,-3.564,-0.116,0,0.05
,SPX 13T1500D2,AugW1 1500 Puts,130719,16:00:00,1500,P,130802,0.247,0.19,0.2,0.25,0.158,5262,7821,-0.206,0.003,6.77,-5.585,-0.494,0,0.2
,SPX 13T1500D9,AugW2 1500 Puts,130719,16:00:00,1500,P,130809,0.22,0.39,0.25,0.55,0.026,5,2569,-0.444,0.007,13.394,-6.394,-1.275,0,0.5
,SPX 13T1500,Aug 1500 Puts,130719,16:00:00,1500,P,130816,0.213,0.66,0.7,0.8,0.136,838,60973,-0.744,0.012,21.244,-8.417,-2.421,0,0.85
,SPX 13T1500D23,AugW4 1500 Puts,130719,16:00:00,1500,P,130823,0.199,1.1,0.9,1.3,0,,,-1.212,0.018,33.058,-8.903,-4.547,0,-1
,SPX 13U1500,Sep 1500 Puts,130719,16:00:00,1500,P,130920,0.192,3.71,3.6,4.3,0.067,415,88022,-3.446,0.04,86.74,-13.579,-18.804,0.006,4.1
,SPX 13U1500D30,SepQ 1500 Puts,130719,16:00:00,1500,P,130930,0.187,4.95,4.5,5.5,0.01,,7269,-4.279,0.046,108.43,-13.662,-26.698,0.011,-1
,SPX 13V1500,Oct 1500 Puts,130719,16:00:00,1500,P,131018,0.189,7.73,7.2,8.4,0.01,3005,7232,-5.788,0.055,147.414,-15.256,-43.498,0.02,8
,SPX 13X1500,Dec 1500 Puts,130719,16:00:00,1500,P,131220,0.188,18.23,17.3,19,-0.003,10,95764,-9.668,0.068,265.759,-16.076,-120.508,0.061,18.5
,SPX 13X1500D31,DecQ 1500 Puts,130719,16:00:00,1500,P,131231,0.187,20.14,19.2,21.2,0.003,,5298,-10.287,0.069,284.846,-15.926,-136.944,0.069,-1
,SPX 14O1500,Mar14 1500 Puts,130719,16:00:00,1500,P,140321,0.19,34.24,33.1,35.5,0.003,1000,12994,-13.351,0.075,399.815,-15.18,-262.312,0.116,34.9
,SPX 14R1500,Jun14 1500 Puts,130719,16:00:00,1500,P,140621,0.194,50.31,49.3,52,0.008,1000,16935,-16.036,0.074,506.931,-14.029,-426.367,0.159,51.4
,SPX 13G1505,Jul 1505 Calls,130719,16:00:00,1505,C,130719,,187.1,,,,,35,100,0,0,0,0,,-1
,SPX 13G1505D26,JulW4 1505 Calls,130719,16:00:00,1505,C,130726,,187.04,187.3,189,0.006,,14,99.868,0.002,10.595,-21.697,32.323,1,-1
,SPX 13H1505D2,AugW1 1505 Calls,130719,16:00:00,1505,C,130802,,185.9,186.9,188.7,0.01,,19,99.887,0.002,0.88,-0.042,61.758,1,-1
,SPX 13H1505D9,AugW2 1505 Calls,130719,16:00:00,1505,C,130809,,185.39,185.8,187.5,0.007,,14,99.713,0.006,3.718,-0.97,90.358,1,-1
,SPX 13H1505,Aug 1505 Calls,130719,16:00:00,1505,C,130816,,184.96,184.3,187,0.004,,,99.565,0.009,6.123,-1.325,114.803,1,-1
,SPX 13H1505D23,AugW4 1505 Calls,130719,16:00:00,1505,C,130823,,184.61,185.1,186.9,0.008,,,99.022,0.019,16.907,-3.459,146.296,0.999,-1
,SPX 13I1505,Sep 1505 Calls,130719,16:00:00,1505,C,130920,,190.91,185.4,188.3,-0.021,,,97.064,0.026,129.953,-23.628,226.856,0.992,-1
,SPX 13S1505,Jul 1505 Puts,130719,16:00:00,1505,P,130719,,0,,,,,3875,0,0,0,0,0,,-1
,SPX 13S1505D26,JulW4 1505 Puts,130719,16:00:00,1505,P,130726,,0.07,0.05,0.1,,502,3549,-0.052,0.001,2.512,-3.689,-0.123,0,0.05
,SPX 13T1505D2,AugW1 1505 Puts,130719,16:00:00,1505,P,130802,0.235,0.21,0.1,0.25,-0.143,1125,2869,-0.227,0.004,7.227,-4.647,-0.532,0,0.25
,SPX 13T1505D9,AugW2 1505 Puts,130719,16:00:00,1505,P,130809,0.216,0.42,0.3,0.55,0.024,,75,-0.486,0.008,14.284,-6.725,-1.373,0,-1
,SPX 13T1505,Aug 1505 Puts,130719,16:00:00,1505,P,130816,,0.71,0.25,1.15,0,2,3619,-0.812,0.013,22.588,-7.999,-2.602,0,0.9
,SPX 13T1505D23,AugW4 1505 Puts,130719,16:00:00,1505,P,130823,0.197,1.17,1,1.35,0.009,,,-1.317,0.02,35.016,-9.321,-4.873,0.001,-1
,SPX 13U1505,Sep 1505 Puts,130719,16:00:00,1505,P,130920,0.189,3.93,3.5,4.5,0.018,10,24,-3.68,0.043,90.571,-13.583,-19.883,0.008,-1
,SPX 13G1510,Jul 1510 Calls,130719,16:00:00,1510,C,130719,,182.1,,,,,45,100,0,0,0,0,,-1
,SPX 13G1510D26,JulW4 1510 Calls,130719,16:00:00,1510,C,130726,,182.04,182.3,184,0.006,,40,99.857,0.002,10.892,-21.837,32.412,1,-1
,SPX 13H1510D2,AugW1 1510 Calls,130719,16:00:00,1510,C,130802,,180.9,182,183.7,0.011,,14,99.876,0.002,1.062,-0.131,61.951,1,-1
,SPX 13H1510D9,AugW2 1510 Calls,130719,16:00:00,1510,C,130809,,180.4,180.8,182.5,0.007,,106,99.678,0.007,4.314,-1.174,90.606,1,-1
,SPX 13H1510,Aug 1510 Calls,130719,16:00:00,1510,C,130816,,179.98,179.6,182.3,0.005,,56,99.508,0.011,7.067,-1.568,115.086,1,-1
,SPX 13H1510D23,AugW4 1510 Calls,130719,16:00:00,1510,C,130823,,179.66,180.2,182,0.008,,,98.911,0.021,18.755,-3.839,146.527,0.999,-1
,SPX 13I1510,Sep 1510 Calls,130719,16:00:00,1510,C,130920,,186.09,180.6,183.6,-0.021,,,96.913,0.028,132.784,-23.783,226.735,0.991,-1
,SPX 13I1510D30,SepQ 1510 Calls,130719,16:00:00,1510,C,130930,,178.94,180.8,184.6,0.021,,,96.042,0.054,79.717,-8.134,288.145,0.984,-1
,SPX 13J1510,Oct 1510 Calls,130719,16:00:00,1510,C,131018,,187.89,183.1,186.2,-0.017,,,94.789,0.041,183.569,-21.206,316.201,0.973,-1
,SPX 13S1510,Jul 1510 Puts,130719,16:00:00,1510,P,130719,,0,,,,,13341,0,0,0,0,0,,-1
,SPX 13S1510D26,JulW4 1510 Puts,130719,16:00:00,1510,P,130726,,0.08,0.05,0.1,,2600,3351,-0.057,0.001,2.651,-3.823,-0.131,0,0.1
,SPX 13T1510D2,AugW1 1510 Puts,130719,16:00:00,1510,P,130802,0.236,0.22,0.1,0.35,0.045,24,1242,-0.25,0.004,7.725,-5.676,-0.574,0,0.3
,SPX 13T1510D9,AugW2 1510 Puts,130719,16:00:00,1510,P,130809,0.211,0.45,0.25,0.6,-0.044,,140,-0.534,0.009,15.245,-6.7,-1.481,0,-1
,SPX 13T1510,Aug 1510 Puts,130719,16:00:00,1510,P,130816,0.203,0.76,0.3,1.2,0,23,7885,-0.887,0.014,24.031,-8.401,-2.799,0,0.95
,SPX 13T1510D23,AugW4 1510 Puts,130719,16:00:00,1510,P,130823,0.194,1.25,1.05,1.45,0,,,-1.432,0.021,37.103,-9.761,-5.226,0.001,-1
,SPX 13U1510,Sep 1510 Puts,130719,16:00:00,1510,P,130920,0.185,4.15,3.6,4.6,-0.012,59,590,-3.931,0.046,94.557,-13.703,-21.029,0.009,4.2
,SPX 13U1510D30,SepQ 1510 Puts,130719,16:00:00,1510,P,130930,0.184,5.5,5,6.1,0.009,,,-4.836,0.053,117.239,-14.513,-29.614,0.016,-1
,SPX 13V1510,Oct 1510 Puts,130719,16:00:00,1510,P,131018,0.183,8.47,7.9,8.5,-0.033,6006,114,-6.439,0.061,157.288,-15.494,-47.587,0.027,8
,SPX 13G1515,Jul 1515 Calls,130719,16:00:00,1515,C,130719,,177.1,,,,,30,100,0,0,0,0,,-1
,SPX 13G1515D26,JulW4 1515 Calls,130719,16:00:00,1515,C,130726,,177.05,177.3,179,0.006,,22,99.845,0.002,11.208,-21.991,32.499,1,-1
,SPX 13H1515D2,AugW1 1515 Calls,130719,16:00:00,1515,C,130802,,175.9,177,178.7,0.011,,4,99.862,0.003,1.28,-0.238,62.143,1,-1
,SPX 13H1515D9,AugW2 1515 Calls,130719,16:00:00,1515,C,130809,,175.42,175.8,177.6,0.007,,17,99.635,0.008,5.001,-1.407,90.844,1,-1
,SPX 13H1515,Aug 1515 Calls,130719,16:00:00,1515,C,130816,,175,174.4,177.1,0.004,,,99.442,0.013,8.144,-1.844,115.352,1,-1
,SPX 13H1515D23,AugW4 1515 Calls,130719,16:00:00,1515,C,130823,,174.72,175.2,177.1,0.008,,,98.785,0.024,20.786,-4.254,146.726,0.999,-1
,SPX 13I1515,Sep 1515 Calls,130719,16:00:00,1515,C,130920,,181.28,175.9,178.8,-0.022,50,,96.752,0.03,135.711,-23.94,226.566,0.989,175
,SPX 13S1515,Jul 1515 Puts,130719,16:00:00,1515,P,130719,,0,,,,,11969,0,0,0,0,0,,-1
,SPX 13S1515D26,JulW4 1515 Puts,130719,16:00:00,1515,P,130726,,0.08,0.05,0.1,,5933,342,-0.062,0.001,2.804,-3.968,-0.139,0,0.1
,SPX 13T1515D2,AugW1 1515 Puts,130719,16:00:00,1515,P,130802,0.232,0.24,0.15,0.35,0.042,219,58,-0.276,0.005,8.268,-6.067,-0.62,0,0.25
,SPX 13T1515D9,AugW2 1515 Puts,130719,16:00:00,1515,P,130809,0.209,0.49,0.3,0.65,-0.02,,1,-0.587,0.01,16.287,-7.255,-1.599,0,-1
,SPX 13T1515,Aug 1515 Puts,130719,16:00:00,1515,P,130816,0.201,0.81,0.4,1.25,0.025,,2088,-0.971,0.016,25.582,-8.937,-3.015,0,-1
,SPX 13T1515D23,AugW4 1515 Puts,130719,16:00:00,1515,P,130823,0.192,1.34,1.15,1.55,0.015,38,2,-1.558,0.024,39.326,-10.339,-5.608,0.001,1.65
,SPX 13U1515,Sep 1515 Puts,130719,16:00:00,1515,P,130920,0.185,4.4,4,5,0.025,39,161,-4.2,0.05,98.702,-14.523,-22.244,0.011,4.8
,SPX 13G1520,Jul 1520 Calls,130719,16:00:00,1520,C,130719,,172.1,,,,,930,100,0,0,0,0,,-1
,SPX 13G1520D26,JulW4 1520 Calls,130719,16:00:00,1520,C,130726,,172.06,172.3,174,0.006,,,99.832,0.002,11.545,-22.16,32.585,1,-1
,SPX 13H1520D2,AugW1 1520 Calls,130719,16:00:00,1520,C,130802,,170.91,172,173.7,0.011,,,99.846,0.003,1.543,-0.366,62.331,1,-1
,SPX 13H1520D9,AugW2 1520 Calls,130719,16:00:00,1520,C,130809,,170.43,170.8,172.6,0.007,,1,99.585,0.01,5.792,-1.675,91.072,1,-1
,SPX 13H1520,Aug 1520 Calls,130719,16:00:00,1520,C,130816,,170.03,169.7,172.4,0.006,,27,99.363,0.015,9.371,-2.158,115.599,1,-1
,SPX 13H1520D23,AugW4 1520 Calls,130719,16:00:00,1520,C,130823,,169.78,170.3,172.2,0.009,,,98.642,0.027,23.016,-4.706,146.888,0.998,-1
,SPX 13I1520,Sep 1520 Calls,130719,16:00:00,1520,C,130920,,176.48,171.1,174.1,-0.022,,4,96.58,0.032,138.737,-24.1,226.346,0.986,-1
,SPX 13I1520D30,SepQ 1520 Calls,130719,16:00:00,1520,C,130930,,169.4,171.4,175.2,0.023,,,95.385,0.064,89.996,-9.075,287.201,0.979,-1
,SPX 13J1520,Oct 1520 Calls,130719,16:00:00,1520,C,131018,,178.54,173.7,177,-0.018,,4,94.302,0.046,191.409,-21.557,314.918,0.965,-1
,SPX 13S1520,Jul 1520 Puts,130719,16:00:00,1520,P,130719,,0,,,,,16768,0,0,0,0,0,,-1
,SPX 13S1520D26,JulW4 1520 Puts,130719,16:00:00,1520,P,130726,,0.08,0.05,0.1,,919,374,-0.069,0.001,2.97,-4.125,-0.148,0,0.1
,SPX 13T1520D2,AugW1 1520 Puts,130719,16:00:00,1520,P,130802,0.229,0.25,0.15,0.4,0.12,32,370,-0.305,0.006,8.861,-6.678,-0.671,0,0.35
,SPX 13T1520D9,AugW2 1520 Puts,130719,16:00:00,1520,P,130809,0.207,0.52,0.4,0.7,0.058,,1936,-0.646,0.011,17.415,-8.067,-1.73,0,-1
,SPX 13T1520,Aug 1520 Puts,130719,16:00:00,1520,P,130816,0.197,0.87,0.4,1.3,-0.011,3,8142,-1.064,0.018,27.249,-9.166,-3.25,0,1.05
,SPX 13T1520D23,AugW4 1520 Puts,130719,16:00:00,1520,P,130823,0.189,1.44,1.25,1.6,-0.007,,,-1.697,0.026,41.694,-10.71,-6.022,0.002,-1
,SPX 13U1520,Sep 1520 Puts,130719,16:00:00,1520,P,130920,0.182,4.65,4.1,5.1,-0.009,40,1846,-4.489,0.054,103.009,-14.656,-23.534,0.014,4.8
,SPX 13U1520D30,SepQ 1520 Puts,130719,16:00:00,1520,P,130930,0.18,6.11,5.6,6.7,0.007,,,-5.466,0.06,126.65,-15.4,-32.863,0.021,-1
,SPX 13V1520,Oct 1520 Puts,130719,16:00:00,1520,P,131018,0.183,9.29,9,10,0.023,26,176,-7.165,0.069,167.651,-16.891,-52.068,0.035,9.4
,SPX 13G1525,Jul 1525 Calls,130719,16:00:00,1525,C,130719,,167.1,,,,,20439,100,0,0,0,0,,-1
,SPX 13G1525D26,JulW4 1525 Calls,130719,16:00:00,1525,C,130726,,167.07,167.3,169,0.006,,40,99.817,0.003,11.904,-22.345,32.669,1,-1
,SPX 13H1525D2,AugW1 1525 Calls,130719,16:00:00,1525,C,130802,,165.91,167,168.8,0.012,,14,99.825,0.004,1.858,-0.519,62.515,1,-1
,SPX 13H1525D9,AugW2 1525 Calls,130719,16:00:00,1525,C,130809,,165.45,165.9,167.7,0.008,,,99.525,0.012,6.701,-1.981,91.286,1,-1
,SPX 13H1525,Aug 1525 Calls,130719,16:00:00,1525,C,130816,,165.06,164.7,167.5,0.006,7000,6028,99.272,0.018,10.766,-2.512,115.823,0.999,165
,SPX 13H1525D23,AugW4 1525 Calls,130719,16:00:00,1525,C,130823,,164.85,165.4,167.3,0.009,,,98.48,0.031,25.459,-5.198,147.01,0.998,-1
,SPX 13I1525,Sep 1525 Calls,130719,16:00:00,1525,C,130920,,171.69,166.4,169.4,-0.022,,11873,96.397,0.034,141.865,-24.262,226.071,0.984,-1
,SPX 13I1525D30,SepQ 1525 Calls,130719,16:00:00,1525,C,130930,,164.66,166.8,170.6,0.025,,2165,95.017,0.069,95.497,-9.572,286.565,0.975,-1
,SPX 13J1525,Oct 1525 Calls,130719,16:00:00,1525,C,131018,,173.88,169.4,172.5,-0.017,,24,94.038,0.049,195.473,-21.733,314.152,0.961,-1
,SPX 13L1525,Dec 1525 Calls,130719,16:00:00,1525,C,131220,,180.86,176.1,179.5,-0.017,,7998,90.924,0.06,305.196,-19.444,491.3,0.906,-1
,SPX 13L1525D31,DecQ 1525 Calls,130719,16:00:00,1525,C,131231,,182.28,177.3,181.3,-0.016,,12,90.313,0.062,323.746,-19.122,522.874,0.897,-1
,SPX 14C1525,Mar14 1525 Calls,130719,16:00:00,1525,C,140321,,190.57,186.8,190.4,-0.01,,1981,85.577,0.091,428.621,-17.081,723.212,0.845,-1
,SPX 14F1525,Jun14 1525 Calls,130719,16:00:00,1525,C,140621,0.18,199.65,196.9,200.7,-0.004,,1360,81.888,0.088,527.823,-15.314,941.738,0.802,-1
,SPX 13S1525,Jul 1525 Puts,130719,16:00:00,1525,P,130719,,0,,,,,59860,0,0,0,0,0,,-1
,SPX 13S1525D26,JulW4 1525 Puts,130719,16:00:00,1525,P,130726,,0.09,0.05,0.15,,392,6773,-0.076,0.001,3.152,-4.295,-0.158,0,0.1
,SPX 13T1525D2,AugW1 1525 Puts,130719,16:00:00,1525,P,130802,0.227,0.27,0.3,0.35,0.185,286,3254,-0.338,0.006,9.51,-7.452,-0.728,0,0.3
,SPX 13T1525D9,AugW2 1525 Puts,130719,16:00:00,1525,P,130809,0.202,0.56,0.35,0.75,-0.018,,494,-0.713,0.013,18.638,-8.07,-1.873,0,-1
,SPX 13T1525,Aug 1525 Puts,130719,16:00:00,1525,P,130816,0.19,0.94,0.45,1.2,-0.117,358,46824,-1.167,0.02,29.041,-8.836,-3.508,0.001,0.95
,SPX 13T1525D23,AugW4 1525 Puts,130719,16:00:00,1525,P,130823,0.186,1.54,1.35,1.7,-0.006,,,-1.85,0.029,44.216,-11.098,-6.472,0.002,-1
,SPX 13U1525,Sep 1525 Puts,130719,16:00:00,1525,P,130920,0.18,4.93,4.4,5.4,-0.006,1202,46021,-4.799,0.058,107.481,-15.271,-24.902,0.016,5
,SPX 13U1525D30,SepQ 1525 Puts,130719,16:00:00,1525,P,130930,0.179,6.44,5.8,7.1,0.009,200,5284,-5.812,0.064,131.584,-15.855,-34.622,0.025,7.4
,SPX 13V1525,Oct 1525 Puts,130719,16:00:00,1525,P,131018,0.181,9.73,9.1,10.5,0.007,622,2215,-7.558,0.073,173.011,-17.177,-54.467,0.039,9.9
,SPX 13X1525,Dec 1525 Puts,130719,16:00:00,1525,P,131220,0.181,21.54,20.8,22.4,0.003,,27576,-11.792,0.084,294.301,-17.186,-141.61,0.094,-1
,SPX 13X1525D31,DecQ 1525 Puts,130719,16:00:00,1525,P,131231,0.182,23.67,22.7,24.8,0.003,,44,-12.436,0.085,313.624,-17.023,-159.902,0.103,-1
,SPX 14O1525,Mar14 1525 Puts,130719,16:00:00,1525,P,140321,0.186,38.89,38.2,40.7,0.014,,3861,-15.616,0.087,427.689,-15.932,-295.997,0.155,-1
,SPX 14R1525,Jun14 1525 Puts,130719,16:00:00,1525,P,140621,0.19,55.98,55,57.8,0.008,50,3102,-18.238,0.084,533.166,-14.41,-470.932,0.198,57
,SPX 13G1530,Jul 1530 Calls,130719,16:00:00,1530,C,130719,,162.1,,,,,1484,100,0,0,0,0,,-1
,SPX 13G1530D26,JulW4 1530 Calls,130719,16:00:00,1530,C,130726,,162.08,162.3,164,0.007,,25,99.801,0.003,12.289,-22.548,32.751,1,-1
,SPX 13H1530D2,AugW1 1530 Calls,130719,16:00:00,1530,C,130802,,160.92,162,163.8,0.012,,3,99.8,0.005,2.236,-0.703,62.694,1,-1
,SPX 13H1530D9,AugW2 1530 Calls,130719,16:00:00,1530,C,130809,,160.48,160.9,162.7,0.008,,,99.455,0.014,7.744,-2.33,91.486,1,-1
,SPX 13H1530,Aug 1530 Calls,130719,16:00:00,1530,C,130816,,160.1,159.8,162.6,0.007,,21,99.164,0.021,12.347,-2.912,116.021,0.999,-1
,SPX 13H1530D23,AugW4 1530 Calls,130719,16:00:00,1530,C,130823,,159.93,160.5,162.4,0.01,,,98.298,0.035,28.132,-5.733,147.088,0.997,-1
,SPX 13I1530,Sep 1530 Calls,130719,16:00:00,1530,C,130920,,166.91,161.7,164.7,-0.022,,23,96.2,0.037,145.099,-24.426,225.738,0.981,-1
,SPX 13I1530D30,SepQ 1530 Calls,130719,16:00:00,1530,C,130930,,159.93,162.1,165.9,0.025,,3,94.62,0.075,101.241,-10.087,285.809,0.971,-1
,SPX 13J1530,Oct 1530 Calls,130719,16:00:00,1530,C,131018,,169.24,164.9,167.9,-0.017,,4,93.758,0.052,199.633,-21.909,313.298,0.955,-1
,SPX 13S1530,Jul 1530 Puts,130719,16:00:00,1530,P,130719,,0,,,,,31075,0,0,0,0,0,,-1
,SPX 13S1530D26,JulW4 1530 Puts,130719,16:00:00,1530,P,130726,,0.09,0.05,0.15,,518,2171,-0.084,0.002,3.353,-4.479,-0.169,0,0.1
,SPX 13T1530D2,AugW1 1530 Puts,130719,16:00:00,1530,P,130802,0.219,0.29,0.2,0.4,0.034,,2072,-0.375,0.007,10.221,-7.048,-0.791,0,-1
,SPX 13T1530D9,AugW2 1530 Puts,130719,16:00:00,1530,P,130809,0.201,0.6,0.45,0.8,0.05,,485,-0.787,0.014,19.965,-8.977,-2.031,0,-1
,SPX 13T1530,Aug 1530 Puts,130719,16:00:00,1530,P,130816,0.191,1.01,0.55,1.45,-0.01,541,16613,-1.281,0.022,30.968,-10.145,-3.789,0.001,1.1
,SPX 13T1530D23,AugW4 1530 Puts,130719,16:00:00,1530,P,130823,0.184,1.65,1.45,1.85,0.006,60,2,-2.017,0.032,46.901,-11.758,-6.959,0.003,1.95
,SPX 13U1530,Sep 1530 Puts,130719,16:00:00,1530,P,130920,0.178,5.22,4.6,5.7,-0.011,6,5763,-5.134,0.063,112.12,-15.659,-26.354,0.019,5.3
,SPX 13U1530D30,SepQ 1530 Puts,130719,16:00:00,1530,P,130930,0.178,6.8,6.3,7.5,0.015,,23,-6.18,0.069,136.668,-16.434,-36.479,0.029,-1
,SPX 13V1530,Oct 1530 Puts,130719,16:00:00,1530,P,131018,0.18,10.19,9.6,11.1,0.016,1,29,-7.973,0.077,178.485,-17.678,-56.976,0.045,-1
,SPX 13G1535,Jul 1535 Calls,130719,16:00:00,1535,C,130719,,157.1,,,,,15,100,0,0,0,0,,-1
,SPX 13G1535D26,JulW4 1535 Calls,130719,16:00:00,1535,C,130726,,157.09,157.3,159,0.007,,11,99.783,0.003,12.702,-22.769,32.83,1,-1
,SPX 13H1535D2,AugW1 1535 Calls,130719,16:00:00,1535,C,130802,,155.93,157.1,158.8,0.013,,,99.768,0.006,2.688,-0.922,62.868,1,-1
,SPX 13H1535D9,AugW2 1535 Calls,130719,16:00:00,1535,C,130809,,155.5,156,157.7,0.009,,14,99.371,0.016,8.938,-2.727,91.668,1,-1
,SPX 13H1535,Aug 1535 Calls,130719,16:00:00,1535,C,130816,,155.14,154.9,157.6,0.007,,79,99.038,0.025,14.135,-3.362,116.189,0.999,-1
,SPX 13H1535D23,AugW4 1535 Calls,130719,16:00:00,1535,C,130823,,155.03,155.7,157.5,0.01,,,98.092,0.04,31.049,-6.312,147.115,0.996,-1
,SPX 13I1535,Sep 1535 Calls,130719,16:00:00,1535,C,130920,,162.14,157,160,-0.022,,631,95.99,0.039,148.442,-24.593,225.343,0.977,-1
,SPX 13I1535D30,SepQ 1535 Calls,130719,16:00:00,1535,C,130930,,155.24,157.5,161.3,0.027,,14,94.191,0.081,107.229,-10.62,284.928,0.967,-1
,SPX 13S1535,Jul 1535 Puts,130719,16:00:00,1535,P,130719,,0,,,,,9144,0,0,0,0,0,,-1
,SPX 13S1535D26,JulW4 1535 Puts,130719,16:00:00,1535,P,130726,,0.1,0.1,0.15,,3,1156,-0.093,0.002,3.573,-4.68,-0.182,0,0.15
,SPX 13T1535D2,AugW1 1535 Puts,130719,16:00:00,1535,P,130802,0.215,0.32,0.2,0.45,0,174,102,-0.417,0.008,11.001,-7.356,-0.861,0,0.3
,SPX 13T1535D9,AugW2 1535 Puts,130719,16:00:00,1535,P,130809,0.198,0.65,0.5,0.85,0.046,,76,-0.871,0.016,21.405,-9.479,-2.205,0,-1
,SPX 13T1535,Aug 1535 Puts,130719,16:00:00,1535,P,130816,0.195,1.09,1.05,1.55,0.193,242,16747,-1.408,0.024,33.04,-12.378,-4.097,0.001,1.25
,SPX 13T1535D23,AugW4 1535 Puts,130719,16:00:00,1535,P,130823,0.181,1.78,1.55,1.95,-0.017,,,-2.202,0.035,49.76,-12.191,-7.489,0.004,-1
,SPX 13U1535,Sep 1535 Puts,130719,16:00:00,1535,P,130920,0.177,5.53,5,6.2,0.013,,11672,-5.495,0.068,116.929,-16.424,-27.895,0.023,-1
,SPX 13U1535D30,SepQ 1535 Puts,130719,16:00:00,1535,P,130930,0.175,7.17,6.5,7.8,-0.003,,89,-6.573,0.073,141.904,-16.673,-38.437,0.033,-1
,SPX 13G1540,Jul 1540 Calls,130719,16:00:00,1540,C,130719,,152.1,,,,,2461,100,0,0,0,0,,-1
,SPX 13G1540D26,JulW4 1540 Calls,130719,16:00:00,1540,C,130726,,152.1,152.3,154,0.007,,23,99.763,0.004,13.145,-23.012,32.907,1,-1
,SPX 13H1540D2,AugW1 1540 Calls,130719,16:00:00,1540,C,130802,,150.94,152.1,153.8,0.013,,700,99.729,0.008,3.227,-1.182,63.034,1,-1
,SPX 13H1540D9,AugW2 1540 Calls,130719,16:00:00,1540,C,130809,,150.53,151,152.8,0.009,,,99.272,0.02,10.302,-3.178,91.829,1,-1
,SPX 13H1540,Aug 1540 Calls,130719,16:00:00,1540,C,130816,,150.19,149.7,152.5,0.006,,156,98.891,0.029,16.152,-3.867,116.323,0.998,-1
,SPX 13H1540D23,AugW4 1540 Calls,130719,16:00:00,1540,C,130823,,150.13,150.8,152.6,0.01,,,97.86,0.045,34.227,-6.938,147.088,0.995,-1
,SPX 13I1540,Sep 1540 Calls,130719,16:00:00,1540,C,130920,,157.39,152.1,155.3,-0.023,,1815,95.765,0.042,151.896,-24.761,224.882,0.973,-1
,SPX 13I1540D30,SepQ 1540 Calls,130719,16:00:00,1540,C,130930,,150.56,152.9,156.7,0.028,,19,93.73,0.087,113.459,-11.169,283.915,0.962,-1
,SPX 13J1540,Oct 1540 Calls,130719,16:00:00,1540,C,131018,,160.01,155.7,158.9,-0.017,,2,93.147,0.059,208.243,-22.259,311.305,0.944,-1
,SPX 13S1540,Jul 1540 Puts,130719,16:00:00,1540,P,130719,,0,,,,,13704,0,0,0,0,0,,-1
,SPX 13S1540D26,JulW4 1540 Puts,130719,16:00:00,1540,P,130726,,0.1,0.1,0.15,,,5341,-0.104,0.002,3.816,-4.899,-0.196,0,-1
,SPX 13T1540D2,AugW1 1540 Puts,130719,16:00:00,1540,P,130802,0.214,0.34,0.25,0.5,0.118,7,768,-0.466,0.009,11.857,-8.475,-0.938,0,0.5
,SPX 13T1540D9,AugW2 1540 Puts,130719,16:00:00,1540,P,130809,0.194,0.7,0.55,0.9,0.043,5,836,-0.965,0.018,22.969,-9.89,-2.397,0,0.8
,SPX 13T1540,Aug 1540 Puts,130719,16:00:00,1540,P,130816,0.185,1.17,0.7,1.6,-0.009,846,17575,-1.55,0.027,35.269,-11.245,-4.435,0.002,1.3
,SPX 13T1540D23,AugW4 1540 Puts,130719,16:00:00,1540,P,130823,0.179,1.91,1.65,2.1,-0.016,,350,-2.406,0.039,52.802,-12.778,-8.065,0.005,-1
,SPX 13U1540,Sep 1540 Puts,130719,16:00:00,1540,P,130920,0.176,5.86,5.4,6.5,0.015,1,11033,-5.883,0.073,121.911,-16.958,-29.531,0.027,6
,SPX 13U1540D30,SepQ 1540 Puts,130719,16:00:00,1540,P,130930,0.173,7.57,6.9,8.2,-0.003,,24,-6.991,0.078,147.288,-17.149,-40.502,0.038,-1
,SPX 13V1540,Oct 1540 Puts,130719,16:00:00,1540,P,131018,0.178,11.19,11.3,12.1,0.046,,292,-8.872,0.086,189.763,-18.794,-62.346,0.056,-1
,SPX 13G1545,Jul 1545 Calls,130719,16:00:00,1545,C,130719,,147.1,,,,,16,100,0,0,0,0,,-1
,SPX 13G1545D26,JulW4 1545 Calls,130719,16:00:00,1545,C,130726,,147.12,147.3,149,0.007,,46,99.741,0.004,13.622,-23.276,32.982,1,-1
,SPX 13H1545D2,AugW1 1545 Calls,130719,16:00:00,1545,C,130802,,145.95,147.1,148.9,0.014,,25,99.681,0.01,3.87,-1.492,63.192,1,-1
,SPX 13H1545D9,AugW2 1545 Calls,130719,16:00:00,1545,C,130809,,145.57,146.1,147.8,0.009,,,99.155,0.023,11.858,-3.69,91.966,0.999,-1
,SPX 13H1545,Aug 1545 Calls,130719,16:00:00,1545,C,130816,,145.25,144.8,147.6,0.007,,3,98.72,0.034,18.421,-4.432,116.418,0.998,-1
,SPX 13H1545D23,AugW4 1545 Calls,130719,16:00:00,1545,C,130823,,145.25,145.9,147.8,0.011,,,97.598,0.051,37.682,-7.613,146.999,0.994,-1
,SPX 13I1545,Sep 1545 Calls,130719,16:00:00,1545,C,130920,,152.64,147.7,150.7,-0.023,,362,95.524,0.046,155.466,-24.93,224.351,0.969,-1
,SPX 13I1545D30,SepQ 1545 Calls,130719,16:00:00,1545,C,130930,,145.92,148.4,152.1,0.03,,88,93.234,0.094,119.927,-11.734,282.761,0.956,-1
,SPX 13S1545,Jul 1545 Puts,130719,16:00:00,1545,P,130719,,0,,,,,10198,0,0,0,0,0,,-1
,SPX 13S1545D26,JulW4 1545 Puts,130719,16:00:00,1545,P,130726,,0.11,0.1,0.15,,16,718,-0.116,0.002,4.086,-5.138,-0.211,0,0.15
,SPX 13T1545D2,AugW1 1545 Puts,130719,16:00:00,1545,P,130802,0.209,0.37,0.3,0.5,0.081,790,2563,-0.52,0.011,12.798,-8.749,-1.025,0,0.35
,SPX 13T1545D9,AugW2 1545 Puts,130719,16:00:00,1545,P,130809,0.189,0.76,0.55,0.95,-0.013,,839,-1.071,0.02,24.669,-10.068,-2.61,0.001,-1
,SPX 13T1545,Aug 1545 Puts,130719,16:00:00,1545,P,130816,0.183,1.26,0.8,1.7,0,356,2158,-1.708,0.03,37.666,-11.981,-4.806,0.002,1.5
,SPX 13T1545D23,AugW4 1545 Puts,130719,16:00:00,1545,P,130823,0.177,2.05,1.8,2.25,0,43,,-2.63,0.043,56.037,-13.532,-8.69,0.006,2.45
,SPX 13U1545,Sep 1545 Puts,130719,16:00:00,1545,P,130920,0.174,6.21,5.7,6.9,0.014,,3164,-6.298,0.078,127.063,-17.503,-31.266,0.031,-1
,SPX 13U1545D30,SepQ 1545 Puts,130719,16:00:00,1545,P,130930,0.172,7.99,7.4,8.7,0.008,,28,-7.435,0.084,152.819,-17.749,-42.68,0.044,-1
,SPX 13G1550,Jul 1550 Calls,130719,16:00:00,1550,C,130719,,142.1,,,,,19046,100,0,0,0,0,,-1
,SPX 13G1550D26,JulW4 1550 Calls,130719,16:00:00,1550,C,130726,,142.13,142.3,144,0.007,,38,99.716,0.005,14.136,-23.566,33.053,1,-1
,SPX 13H1550D2,AugW1 1550 Calls,130719,16:00:00,1550,C,130802,,140.97,142.1,143.9,0.014,,,99.622,0.012,4.634,-1.858,63.339,1,-1
,SPX 13H1550D9,AugW2 1550 Calls,130719,16:00:00,1550,C,130809,,140.62,141.1,142.9,0.01,,,99.017,0.027,13.627,-4.268,92.076,0.999,-1
,SPX 13H1550,Aug 1550 Calls,130719,16:00:00,1550,C,130816,,140.32,139.9,142.7,0.005,5,663,98.521,0.039,20.964,-5.062,116.469,0.997,136.95
,SPX 13H1550D23,AugW4 1550 Calls,130719,16:00:00,1550,C,130823,,140.38,141.1,142.9,0.012,,,97.303,0.057,41.429,-8.339,146.843,0.992,-1
,SPX 13I1550,Sep 1550 Calls,130719,16:00:00,1550,C,130920,,147.91,143.1,146.1,-0.022,,34907,95.265,0.049,159.155,-25.101,223.744,0.964,-1
,SPX 13I1550D30,SepQ 1550 Calls,130719,16:00:00,1550,C,130930,,141.3,143.8,147.6,0.031,,2589,92.7,0.101,126.628,-12.314,281.459,0.95,-1
,SPX 13J1550,Oct 1550 Calls,130719,16:00:00,1550,C,131018,,150.85,146.8,150,-0.016,,308,92.46,0.067,217.236,-22.603,308.899,0.929,-1
,SPX 13L1550,Dec 1550 Calls,130719,16:00:00,1550,C,131220,,158.89,155.2,158.3,-0.013,,32453,88.508,0.112,329.664,-19.881,480.584,0.864,-1
,SPX 13L1550D31,DecQ 1550 Calls,130719,16:00:00,1550,C,131231,,160.55,156.6,160.5,-0.012,,1156,87.69,0.112,348.505,-19.533,511.051,0.854,-1
,SPX 14C1550,Mar14 1550 Calls,130719,16:00:00,1550,C,140321,0.176,170.32,167.5,171,-0.006,,41643,82.853,0.107,454.612,-17.134,704.199,0.8,-1
,SPX 14F1550,Jun14 1550 Calls,130719,16:00:00,1550,C,140621,0.176,180.56,178.4,182.1,-0.002,,7747,79.285,0.101,553.621,-15.663,916.324,0.758,-1
,SPX 13S1550,Jul 1550 Puts,130719,16:00:00,1550,P,130719,,0,,,,,94952,0,0,0,0,0,,-1
,SPX 13S1550D26,JulW4 1550 Puts,130719,16:00:00,1550,P,130726,,0.12,0.1,0.15,,1439,10107,-0.13,0.003,4.385,-5.399,-0.229,0,0.15
,SPX 13T1550D2,AugW1 1550 Puts,130719,16:00:00,1550,P,130802,0.203,0.4,0.3,0.55,0.05,6228,3374,-0.583,0.012,13.835,-9.042,-1.123,0,0.4
,SPX 13T1550D9,AugW2 1550 Puts,130719,16:00:00,1550,P,130809,0.186,0.83,0.65,1,0,19,3138,-1.19,0.023,26.517,-10.794,-2.846,0.001,0.9
,SPX 13T1550,Aug 1550 Puts,130719,16:00:00,1550,P,130816,0.18,1.37,1,1.7,-0.015,1478,50447,-1.884,0.034,40.244,-12.48,-5.213,0.003,1.4
,SPX 13T1550D23,AugW4 1550 Puts,130719,16:00:00,1550,P,130823,0.174,2.21,2,2.4,0.005,43,,-2.877,0.048,59.475,-14.18,-9.37,0.008,2.65
,SPX 13U1550,Sep 1550 Puts,130719,16:00:00,1550,P,130920,0.173,6.59,6.1,7.3,0.018,348,72014,-6.742,0.084,132.385,-18.184,-33.107,0.036,6.85
,SPX 13U1550D30,SepQ 1550 Puts,130719,16:00:00,1550,P,130930,0.171,8.43,7.9,9.2,0.015,500,5586,-7.908,0.089,158.492,-18.355,-44.975,0.05,8.8
,SPX 13V1550,Oct 1550 Puts,130719,16:00:00,1550,P,131018,0.172,12.29,11.7,12.7,-0.007,331,18747,-9.873,0.097,201.444,-18.948,-68.217,0.071,12.5
,SPX 13X1550,Dec 1550 Puts,130719,16:00:00,1550,P,131220,0.176,25.51,24.8,26.4,0.005,536,50885,-14.36,0.103,323.591,-18.308,-166.252,0.136,26.5
,SPX 13X1550D31,DecQ 1550 Puts,130719,16:00:00,1550,P,131231,0.176,27.85,26.8,29,0.004,3150,5948,-15.008,0.103,342.863,-17.967,-186.478,0.146,29.1
,SPX 14O1550,Mar14 1550 Puts,130719,16:00:00,1550,P,140321,0.18,44.21,43.2,45.7,0.007,1327,19546,-18.213,0.102,454.869,-16.307,-333.602,0.2,46
,SPX 14R1550,Jun14 1550 Puts,130719,16:00:00,1550,P,140621,0.185,62.29,61.5,63.7,0.005,202,9334,-20.683,0.094,558.023,-14.627,-519.382,0.242,63.3
,SPX 13G1555,Jul 1555 Calls,130719,16:00:00,1555,C,130719,,137.1,,,,,41,100,0,0,0,0,,-1
,SPX 13G1555D26,JulW4 1555 Calls,130719,16:00:00,1555,C,130726,,137.15,137.3,139,0.007,,55,99.688,0.005,14.693,-23.882,33.121,1,-1
,SPX 13H1555D2,AugW1 1555 Calls,130719,16:00:00,1555,C,130802,,135.98,137.2,138.9,0.015,,,99.549,0.015,5.539,-2.291,63.473,1,-1
,SPX 13H1555D9,AugW2 1555 Calls,130719,16:00:00,1555,C,130809,,135.67,136.2,138,0.011,,25,98.854,0.032,15.634,-4.92,92.154,0.999,-1
,SPX 13H1555,Aug 1555 Calls,130719,16:00:00,1555,C,130816,,135.4,135,137.8,0.007,,1,98.29,0.046,23.806,-5.762,116.469,0.996,-1
,SPX 13H1555D23,AugW4 1555 Calls,130719,16:00:00,1555,C,130823,,135.53,136.3,138.1,0.012,,,96.973,0.064,45.482,-9.118,146.613,0.99,-1
,SPX 13I1555,Sep 1555 Calls,130719,16:00:00,1555,C,130920,,143.2,138.5,141.5,-0.022,,3561,94.987,0.053,162.964,-25.272,223.057,0.958,-1
,SPX 13S1555,Jul 1555 Puts,130719,16:00:00,1555,P,130719,,0,,,,,15799,0,0,0,0,0,,-1
,SPX 13S1555D26,JulW4 1555 Puts,130719,16:00:00,1555,P,130726,,0.13,0.1,0.15,,8,1412,-0.146,0.003,4.718,-5.687,-0.249,0,0.1
,SPX 13T1555D2,AugW1 1555 Puts,130719,16:00:00,1555,P,130802,0.197,0.43,0.35,0.5,0,95,105,-0.655,0.014,14.978,-9.1,-1.232,0,0.45
,SPX 13T1555D9,AugW2 1555 Puts,130719,16:00:00,1555,P,130809,0.184,0.9,0.75,1.05,0.011,44,343,-1.325,0.026,28.527,-11.575,-3.108,0.001,1.15
,SPX 13T1555,Aug 1555 Puts,130719,16:00:00,1555,P,130816,0.177,1.48,1,1.9,-0.014,290,3577,-2.081,0.038,43.015,-13.153,-5.661,0.004,1.6
,SPX 13T1555D23,AugW4 1555 Puts,130719,16:00:00,1555,P,130823,0.172,2.38,2.15,2.55,-0.013,,,-3.15,0.053,63.128,-14.713,-10.11,0.01,-1
,SPX 13U1555,Sep 1555 Puts,130719,16:00:00,1555,P,130920,0.171,6.99,6.5,7.7,0.019,46,12249,-7.219,0.091,137.875,-18.749,-35.06,0.042,7.5
,SPX 13G1560,Jul 1560 Calls,130719,16:00:00,1560,C,130719,,132.1,,,,,9068,100,0,0,0,0,,-1
,SPX 13G1560D26,JulW4 1560 Calls,130719,16:00:00,1560,C,130726,,132.17,132.3,134.1,0.008,,22,99.657,0.006,15.296,-24.228,33.184,1,-1
,SPX 13H1560D2,AugW1 1560 Calls,130719,16:00:00,1560,C,130802,,131.01,132.2,134,0.016,,,99.459,0.018,6.611,-2.802,63.592,1,-1
,SPX 13H1560D9,AugW2 1560 Calls,130719,16:00:00,1560,C,130809,,130.73,131.3,133.1,0.011,,131,98.663,0.038,17.904,-5.652,92.194,0.998,-1
,SPX 13H1560,Aug 1560 Calls,130719,16:00:00,1560,C,130816,,130.5,130.3,133.2,0.008,200,645,98.023,0.053,26.972,-6.536,116.412,0.994,126.25
,SPX 13H1560D23,AugW4 1560 Calls,130719,16:00:00,1560,C,130823,,130.7,131.5,133.3,0.013,,,96.601,0.072,49.856,-9.951,146.301,0.987,-1
,SPX 13I1560,Sep 1560 Calls,130719,16:00:00,1560,C,130920,,138.5,133.7,136.9,-0.023,,9380,94.688,0.057,166.897,-25.443,222.283,0.951,-1
,SPX 13I1560D30,SepQ 1560 Calls,130719,16:00:00,1560,C,130930,,132.15,134.8,138.5,0.034,,,91.512,0.117,140.699,-13.515,278.383,0.936,-1
,SPX 13J1560,Oct 1560 Calls,130719,16:00:00,1560,C,131018,,141.77,138.1,141.1,-0.015,,1,91.686,0.076,226.6,-22.938,306.035,0.913,-1
,SPX 13S1560,Jul 1560 Puts,130719,16:00:00,1560,P,130719,,0,,,,,26223,0,0,0,0,0,,-1
,SPX 13S1560D26,JulW4 1560 Puts,130719,16:00:00,1560,P,130726,,0.13,0.1,0.2,,1794,3136,-0.165,0.004,5.09,-6.003,-0.271,0,0.15
,SPX 13T1560D2,AugW1 1560 Puts,130719,16:00:00,1560,P,130802,0.194,0.47,0.4,0.55,0,500,568,-0.737,0.016,16.24,-9.831,-1.355,0,0.45
,SPX 13T1560D9,AugW2 1560 Puts,130719,16:00:00,1560,P,130809,0.18,0.98,0.8,1.15,0.01,1,1388,-1.478,0.03,30.714,-12.264,-3.399,0.002,1.25
,SPX 13T1560,Aug 1560 Puts,130719,16:00:00,1560,P,130816,0.173,1.6,1.15,1.9,-0.038,709,19885,-2.301,0.043,45.993,-13.562,-6.153,0.006,1.9
,SPX 13T1560D23,AugW4 1560 Puts,130719,16:00:00,1560,P,130823,0.17,2.57,2.35,2.75,-0.004,107,,-3.451,0.058,67.004,-15.567,-10.915,0.013,2.75
,SPX 13U1560,Sep 1560 Puts,130719,16:00:00,1560,P,130920,0.17,7.42,7.2,8.2,0.038,13,16069,-7.73,0.097,143.528,-19.579,-37.13,0.049,7.7
,SPX 13U1560D30,SepQ 1560 Puts,130719,16:00:00,1560,P,130930,0.167,9.41,8.7,10.1,0.003,17,31,-8.948,0.102,170.245,-19.103,-49.943,0.064,10.3
,SPX 13V1560,Oct 1560 Puts,130719,16:00:00,1560,P,131018,0.171,13.51,12.9,14.4,0.015,1100,9067,-10.986,0.108,213.472,-20.062,-74.629,0.087,15
,SPX 13G1565,Jul 1565 Calls,130719,16:00:00,1565,C,130719,,127.1,,,,,155,100,0,0,0,0,,-1
,SPX 13G1565D26,JulW4 1565 Calls,130719,16:00:00,1565,C,130726,,127.19,127.3,129.1,0.008,,76,99.621,0.007,15.951,-24.606,33.244,1,-1
,SPX 13H1565D2,AugW1 1565 Calls,130719,16:00:00,1565,C,130802,,126.04,127.2,129,0.016,,5,99.349,0.023,7.874,-3.4,63.692,1,-1
,SPX 13H1565D9,AugW2 1565 Calls,130719,16:00:00,1565,C,130809,,125.81,126.3,128.1,0.011,,15,98.439,0.045,20.463,-6.472,92.192,0.997,-1
,SPX 13H1565,Aug 1565 Calls,130719,16:00:00,1565,C,130816,,125.61,125.2,128.1,0.008,,360,97.713,0.061,30.486,-7.391,116.29,0.993,-1
,SPX 13H1565D23,AugW4 1565 Calls,130719,16:00:00,1565,C,130823,,125.89,126.7,128.3,0.012,1,,96.186,0.081,54.561,-10.84,145.9,0.984,125.3
,SPX 13I1565,Sep 1565 Calls,130719,16:00:00,1565,C,130920,,133.81,129.2,132.1,-0.024,,4678,94.366,0.062,170.955,-25.614,221.418,0.944,-1
,SPX 14F1565,Jun14 1565 Calls,130719,16:00:00,1565,C,140621,0.173,169.46,167.4,171.1,-0.001,,,77.577,0.109,568.291,-15.782,898.861,0.729,-1
,SPX 13S1565,Jul 1565 Puts,130719,16:00:00,1565,P,130719,,0,,,,,19648,0,0,0,0,0,,-1
,SPX 13S1565D26,JulW4 1565 Puts,130719,16:00:00,1565,P,130726,,0.14,0.1,0.2,,574,2513,-0.187,0.004,5.506,-6.353,-0.296,0,0.15
,SPX 13T1565D2,AugW1 1565 Puts,130719,16:00:00,1565,P,130802,0.19,0.52,0.45,0.6,0,7,1299,-0.832,0.019,17.635,-10.487,-1.493,0,0.5
,SPX 13T1565D9,AugW2 1565 Puts,130719,16:00:00,1565,P,130809,0.177,1.06,0.9,1.2,0,21,2516,-1.651,0.034,33.092,-12.846,-3.723,0.003,1.35
,SPX 13T1565,Aug 1565 Puts,130719,16:00:00,1565,P,130816,0.17,1.74,1.25,2.05,-0.046,278,6819,-2.546,0.048,49.193,-14.304,-6.695,0.007,1.9
,SPX 13T1565D23,AugW4 1565 Puts,130719,16:00:00,1565,P,130823,0.167,2.77,2.55,2.95,-0.007,,,-3.79,0.067,71.113,-16.152,-11.792,0.016,-1
,SPX 13U1565,Sep 1565 Puts,130719,16:00:00,1565,P,130920,0.166,7.88,7.2,8.5,-0.004,,4924,-8.277,0.105,149.34,-19.641,-39.324,0.056,-1
,SPX 14R1565,Jun14 1565 Puts,130719,16:00:00,1565,P,140621,0.182,66.4,65.3,68.1,0.005,,689,-22.27,0.101,572.005,-14.747,-550.351,0.271,-1
,SPX 13G1570,Jul 1570 Calls,130719,16:00:00,1570,C,130719,,122.1,,,,,2012,100,0,0,0,0,,-1
,SPX 13G1570D26,JulW4 1570 Calls,130719,16:00:00,1570,C,130726,,122.21,122.3,124.1,0.008,,87,99.58,0.008,16.665,-25.021,33.298,1,-1
,SPX 13H1570D2,AugW1 1570 Calls,130719,16:00:00,1570,C,130802,,121.07,122.3,124.1,0.018,,6,99.214,0.028,9.359,-4.101,63.771,0.999,-1
,SPX 13H1570D9,AugW2 1570 Calls,130719,16:00:00,1570,C,130809,,120.89,121.4,123.2,0.012,,,98.176,0.053,23.338,-7.387,92.142,0.996,-1
,SPX 13H1570,Aug 1570 Calls,130719,16:00:00,1570,C,130816,,120.73,120.6,123.5,0.01,1,752,97.357,0.071,34.37,-8.329,116.095,0.99,120
,SPX 13H1570D23,AugW4 1570 Calls,130719,16:00:00,1570,C,130823,,121.11,121.9,123.3,0.012,,,95.72,0.091,59.609,-11.785,145.4,0.98,-1
,SPX 13I1570,Sep 1570 Calls,130719,16:00:00,1570,C,130920,,129.15,124.7,127.6,-0.023,,3870,94.019,0.067,175.14,-25.783,220.454,0.936,-1
,SPX 13I1570D30,SepQ 1570 Calls,130719,16:00:00,1570,C,130930,,123.14,126,129.6,0.038,,,90.148,0.135,155.587,-14.76,274.626,0.919,-1
,SPX 13J1570,Oct 1570 Calls,130719,16:00:00,1570,C,131018,,132.78,129.4,132.6,-0.013,,1,90.773,0.106,236.311,-23.258,302.663,0.894,-1
,SPX 13S1570,Jul 1570 Puts,130719,16:00:00,1570,P,130719,,0,,,,,12783,0,0,0,0,0,,-1
,SPX 13S1570D26,JulW4 1570 Puts,130719,16:00:00,1570,P,130726,,0.16,0.1,0.2,,343,5961,-0.212,0.005,5.975,-6.739,-0.325,0,0.15
,SPX 13T1570D2,AugW1 1570 Puts,130719,16:00:00,1570,P,130802,0.185,0.57,0.5,0.6,-0.018,43,404,-0.941,0.022,19.179,-11.049,-1.65,0.001,0.7
,SPX 13T1570D9,AugW2 1570 Puts,130719,16:00:00,1570,P,130809,0.174,1.16,1.05,1.3,0.017,12,180,-1.847,0.039,35.681,-13.788,-4.084,0.004,1.3
,SPX 13T1570,Aug 1570 Puts,130719,16:00:00,1570,P,130816,0.166,1.89,1.4,2.05,-0.079,592,8027,-2.822,0.054,52.628,-14.608,-7.292,0.01,2
,SPX 13T1570D23,AugW4 1570 Puts,130719,16:00:00,1570,P,130823,0.165,3,2.75,3.2,-0.003,7,420,-4.179,0.076,75.475,-17.078,-12.748,0.02,3.35
,SPX 13U1570,Sep 1570 Puts,130719,16:00:00,1570,P,130920,0.165,8.37,7.8,9.1,0.01,61,4625,-8.862,0.112,155.304,-20.353,-41.649,0.064,8.5
,SPX 13U1570D30,SepQ 1570 Puts,130719,16:00:00,1570,P,130930,0.163,10.5,9.8,11.2,0,,2,-10.123,0.116,182.493,-20.094,-55.453,0.081,-1
,SPX 13V1570,Oct 1570 Puts,130719,16:00:00,1570,P,131018,0.167,14.85,14.1,15.6,0,,27,-12.221,0.121,225.775,-20.628,-81.622,0.106,-1
,SPX 13G1575,Jul 1575 Calls,130719,16:00:00,1575,C,130719,,117.1,,,,,19719,100,0,0,0,0,,-1
,SPX 13G1575D26,JulW4 1575 Calls,130719,16:00:00,1575,C,130726,,117.23,117.4,119.1,0.009,,19,99.534,0.009,17.445,-25.475,33.346,1,-1
,SPX 13H1575D2,AugW1 1575 Calls,130719,16:00:00,1575,C,130802,,116.11,117.3,119.1,0.018,,141,99.048,0.034,11.097,-4.917,63.822,0.999,-1
,SPX 13H1575D9,AugW2 1575 Calls,130719,16:00:00,1575,C,130809,,116,116.5,118.3,0.012,,5,97.868,0.062,26.558,-8.403,92.035,0.994,-1
,SPX 13H1575,Aug 1575 Calls,130719,16:00:00,1575,C,130816,,115.88,115.8,118.7,0.01,6,10374,96.946,0.082,38.646,-9.355,115.818,0.987,112
,SPX 13H1575D23,AugW4 1575 Calls,130719,16:00:00,1575,C,130823,,116.35,117.2,118.5,0.013,,,95.201,0.102,65.005,-12.785,144.794,0.975,-1
,SPX 13I1575,Sep 1575 Calls,130719,16:00:00,1575,C,130920,,124.5,120.2,123.3,-0.024,638,19013,93.646,0.072,179.452,-25.95,219.385,0.927,117
,SPX 13I1575D30,SepQ 1575 Calls,130719,16:00:00,1575,C,130930,,118.7,121.6,125.2,0.04,,1209,89.395,0.145,163.299,-15.394,272.472,0.909,-1
,SPX 13J1575,Oct 1575 Calls,130719,16:00:00,1575,C,131018,,128.33,125.2,128.3,-0.012,,174,90.118,0.134,241.305,-23.416,300.757,0.883,-1
,SPX 13L1575,Dec 1575 Calls,130719,16:00:00,1575,C,131220,0.17,137.74,135,138.2,-0.008,,23523,85.111,0.14,355.313,-19.853,465.423,0.811,-1
,SPX 13L1575D31,DecQ 1575 Calls,130719,16:00:00,1575,C,131231,0.17,139.64,136.8,140.6,-0.007,,2693,84.313,0.139,374.116,-19.563,494.674,0.801,-1
,SPX 14C1575,Mar14 1575 Calls,130719,16:00:00,1575,C,140321,0.172,150.87,148.7,152.1,-0.003,,6294,79.697,0.126,479.696,-17.59,680.523,0.749,-1
,SPX 14F1575,Jun14 1575 Calls,130719,16:00:00,1575,C,140621,0.172,162.22,160.5,164.2,0.001,,4152,76.375,0.114,577.62,-15.892,886.286,0.71,-1
,SPX 13S1575,Jul 1575 Puts,130719,16:00:00,1575,P,130719,,0,,,,,66670,0,0,0,0,0,,-1
,SPX 13S1575D26,JulW4 1575 Puts,130719,16:00:00,1575,P,130726,,0.17,0.1,0.2,,1418,4633,-0.243,0.006,6.504,-7.168,-0.358,0,0.15
,SPX 13T1575D2,AugW1 1575 Puts,130719,16:00:00,1575,P,130802,0.18,0.62,0.5,0.65,-0.065,484,2347,-1.068,0.025,20.889,-11.346,-1.827,0.001,0.75
,SPX 13T1575D9,AugW2 1575 Puts,130719,16:00:00,1575,P,130809,0.169,1.27,1.05,1.4,-0.024,24,2264,-2.07,0.044,38.497,-14.129,-4.486,0.006,1.55
,SPX 13T1575,Aug 1575 Puts,130719,16:00:00,1575,P,130816,0.168,2.06,1.85,2.45,0.044,6641,49840,-3.131,0.061,56.314,-16.915,-7.95,0.013,2.2
,SPX 13T1575D23,AugW4 1575 Puts,130719,16:00:00,1575,P,130823,0.163,3.24,3,3.5,0.009,931,21,-4.613,0.085,80.103,-18.046,-13.793,0.025,3.75
,SPX 13U1575,Sep 1575 Puts,130719,16:00:00,1575,P,130920,0.165,8.89,8.5,9.8,0.031,471,38091,-9.489,0.121,161.411,-21.331,-44.111,0.073,9.6
,SPX 13U1575D30,SepQ 1575 Puts,130719,16:00:00,1575,P,130930,0.162,11.1,10.4,11.9,0.008,1,2317,-10.766,0.123,188.778,-20.708,-58.427,0.091,12.05
,SPX 13V1575,Oct 1575 Puts,130719,16:00:00,1575,P,131018,0.165,15.57,14.8,16.4,0.003,107,5304,-12.888,0.127,232.001,-21.01,-85.349,0.117,16
,SPX 13X1575,Dec 1575 Puts,130719,16:00:00,1575,P,131220,0.169,30.25,29.5,31.2,0.004,1,26303,-17.446,0.125,352.646,-19.226,-194.846,0.189,30.8
,SPX 13X1575D31,DecQ 1575 Puts,130719,16:00:00,1575,P,131231,0.169,32.8,31.8,34.1,0.006,2000,2853,-18.069,0.124,371.583,-18.784,-217.055,0.199,34
,SPX 14O1575,Mar14 1575 Puts,130719,16:00:00,1575,P,140321,0.175,50.28,49.3,51.8,0.007,450,6036,-21.17,0.117,480.491,-16.698,-375.334,0.251,52
,SPX 14R1575,Jun14 1575 Puts,130719,16:00:00,1575,P,140621,0.181,69.3,69,70.6,0.007,,4106,-23.38,0.105,580.844,-14.857,-571.795,0.29,-1
,SPX 13G1580,Jul 1580 Calls,130719,16:00:00,1580,C,130719,,112.1,,,,,11264,100,0,0,0,0,,-1
,SPX 13G1580D26,JulW4 1580 Calls,130719,16:00:00,1580,C,130726,,112.26,112.4,114.1,0.009,,96,99.48,0.011,18.299,-25.972,33.387,1,-1
,SPX 13H1580D2,AugW1 1580 Calls,130719,16:00:00,1580,C,130802,,111.17,112.4,114.2,0.019,,,98.847,0.041,13.125,-5.864,63.841,0.998,-1
,SPX 13H1580D9,AugW2 1580 Calls,130719,16:00:00,1580,C,130809,,111.12,111.6,113.5,0.013,,42,97.508,0.072,30.149,-9.528,91.865,0.992,-1
,SPX 13H1580,Aug 1580 Calls,130719,16:00:00,1580,C,130816,,111.05,110.7,113.8,0.009,208,1456,96.476,0.094,43.333,-10.472,115.45,0.983,107.95
,SPX 13H1580D23,AugW4 1580 Calls,130719,16:00:00,1580,C,130823,,111.62,112.4,114,0.014,,,94.621,0.114,70.754,-13.841,144.071,0.969,-1
,SPX 13I1580,Sep 1580 Calls,130719,16:00:00,1580,C,130920,,119.88,115.8,118.9,-0.021,,16111,93.242,0.078,183.893,-26.115,218.202,0.917,-1
,SPX 13I1580D30,SepQ 1580 Calls,130719,16:00:00,1580,C,130930,,114.29,117.2,120.8,0.041,,1,88.59,0.155,171.163,-16.034,270.126,0.898,-1
,SPX 13J1580,Oct 1580 Calls,130719,16:00:00,1580,C,131018,,123.92,121,124.1,-0.011,,23,89.379,0.142,246.407,-23.577,298.676,0.872,-1
,SPX 13L1580,Dec 1580 Calls,130719,16:00:00,1580,C,131220,0.168,133.63,131.1,134.2,-0.007,,2069,84.342,0.147,360.481,-20.014,461.799,0.799,-1
,SPX 13S1580,Jul 1580 Puts,130719,16:00:00,1580,P,130719,,0,,,,,42951,0,0,0,0,0,,-1
,SPX 13S1580D26,JulW4 1580 Puts,130719,16:00:00,1580,P,130726,0.201,0.18,0.15,0.2,0,508,5223,-0.278,0.007,7.102,-7.521,-0.396,0,0.2
,SPX 13T1580D2,AugW1 1580 Puts,130719,16:00:00,1580,P,130802,0.178,0.69,0.6,0.75,0,49,234,-1.215,0.03,22.784,-12.817,-2.028,0.002,0.9
,SPX 13T1580D9,AugW2 1580 Puts,130719,16:00:00,1580,P,130809,0.166,1.39,1.2,1.55,-0.007,143,46,-2.324,0.051,41.559,-15.178,-4.936,0.008,1.5
,SPX 13T1580,Aug 1580 Puts,130719,16:00:00,1580,P,130816,0.165,2.24,2.05,2.7,0.058,423,11907,-3.491,0.074,60.265,-17.988,-8.676,0.017,2.35
,SPX 13T1580D23,AugW4 1580 Puts,130719,16:00:00,1580,P,130823,0.161,3.51,3.2,3.8,0.011,929,1862,-5.095,0.095,85.004,-18.891,-14.935,0.031,4.6
,SPX 13U1580,Sep 1580 Puts,130719,16:00:00,1580,P,130920,0.162,9.44,9,10.3,0.022,34,22576,-10.159,0.129,167.65,-21.659,-46.717,0.083,9.65
,SPX 13U1580D30,SepQ 1580 Puts,130719,16:00:00,1580,P,130930,0.161,11.73,11.1,12.5,0.01,17,17,-11.45,0.132,195.156,-21.199,-61.555,0.102,12.8
,SPX 13V1580,Oct 1580 Puts,130719,16:00:00,1580,P,131018,0.164,16.33,15.6,17.2,0.008,32,275,-13.59,0.134,238.259,-21.492,-89.237,0.128,17.6
,SPX 13X1580,Dec 1580 Puts,130719,16:00:00,1580,P,131220,0.168,31.3,30.6,32.2,0.003,,4025,-18.133,0.13,358.317,-19.389,-201.074,0.201,-1
,SPX 13G1585,Jul 1585 Calls,130719,16:00:00,1585,C,130719,,107.1,,,,,816,100,0,0,0,0,,-1
,SPX 13G1585D26,JulW4 1585 Calls,130719,16:00:00,1585,C,130726,,107.29,107.4,109.1,0.009,,64,99.419,0.012,19.238,-26.518,33.421,1,-1
,SPX 13H1585D2,AugW1 1585 Calls,130719,16:00:00,1585,C,130802,,106.23,107.5,109.2,0.02,,,98.601,0.051,15.48,-6.957,63.822,0.997,-1
,SPX 13H1585D9,AugW2 1585 Calls,130719,16:00:00,1585,C,130809,,106.26,106.8,108.6,0.014,,,97.09,0.084,34.137,-10.768,91.622,0.989,-1
,SPX 13H1585,Aug 1585 Calls,130719,16:00:00,1585,C,130816,,106.25,106.1,109.1,0.013,,1013,95.937,0.108,48.447,-11.681,114.98,0.979,-1
,SPX 13H1585D23,AugW4 1585 Calls,130719,16:00:00,1585,C,130823,,106.92,107.8,109.3,0.015,,,93.976,0.127,76.856,-14.95,143.222,0.963,-1
,SPX 13I1585,Sep 1585 Calls,130719,16:00:00,1585,C,130920,,115.28,111.4,114.3,-0.021,,14536,92.807,0.085,188.46,-26.275,216.899,0.907,-1
,SPX 13L1585,Dec 1585 Calls,130719,16:00:00,1585,C,131220,0.167,129.56,127.2,130.1,-0.007,,190,83.542,0.153,365.632,-20.094,457.967,0.787,-1
,SPX 13S1585,Jul 1585 Puts,130719,16:00:00,1585,P,130719,,0,,,,,7341,0,0,0,0,0,,-1
,SPX 13S1585D26,JulW4 1585 Puts,130719,16:00:00,1585,P,130726,0.195,0.2,0.15,0.25,0,147,1363,-0.321,0.009,7.783,-8.178,-0.44,0,0.2
,SPX 13T1585D2,AugW1 1585 Puts,130719,16:00:00,1585,P,130802,0.174,0.76,0.65,0.8,-0.026,100,2622,-1.386,0.035,24.888,-13.559,-2.256,0.003,1
,SPX 13T1585D9,AugW2 1585 Puts,130719,16:00:00,1585,P,130809,0.163,1.53,1.3,1.65,-0.033,49,589,-2.614,0.058,44.888,-15.941,-5.438,0.011,1.65
,SPX 13T1585,Aug 1585 Puts,130719,16:00:00,1585,P,130816,0.161,2.44,1.95,2.9,0,35,7202,-3.922,0.087,64.514,-18.235,-9.481,0.021,2.75
,SPX 13T1585D23,AugW4 1585 Puts,130719,16:00:00,1585,P,130823,0.158,3.81,3.5,4.1,-0.003,,4,-5.63,0.105,90.185,-19.605,-16.183,0.037,-1
,SPX 13U1585,Sep 1585 Puts,130719,16:00:00,1585,P,130920,0.159,10.03,9.3,10.7,0.001,2,18342,-10.876,0.139,174.008,-21.986,-49.473,0.093,10.85
,SPX 13X1585,Dec 1585 Puts,130719,16:00:00,1585,P,131220,0.167,32.39,31.7,33.4,0.005,,893,-18.843,0.135,363.913,-19.544,-207.477,0.213,-1
,SPX 13G1590,Jul 1590 Calls,130719,16:00:00,1590,C,130719,,102.1,,,,,13992,100,0,0,0,0,,-1
,SPX 13G1590D26,JulW4 1590 Calls,130719,16:00:00,1590,C,130726,,102.32,102.4,104.2,0.008,53,277,99.347,0.014,20.273,-27.118,33.446,1,100.5
,SPX 13H1590D2,AugW1 1590 Calls,130719,16:00:00,1590,C,130802,,101.31,102.5,104.3,0.019,39,148,98.302,0.062,18.201,-8.213,63.758,0.996,99
,SPX 13H1590D9,AugW2 1590 Calls,130719,16:00:00,1590,C,130809,,101.42,101.9,103.7,0.014,,60,96.604,0.098,38.546,-12.126,91.298,0.986,-1
,SPX 13H1590,Aug 1590 Calls,130719,16:00:00,1590,C,130816,,101.48,101.4,104.3,0.011,205,1119,95.323,0.123,53.998,-12.984,114.397,0.973,97.75
,SPX 13H1590D23,AugW4 1590 Calls,130719,16:00:00,1590,C,130823,,102.26,103.1,104.7,0.016,,,93.26,0.142,83.306,-16.11,142.236,0.955,-1
,SPX 13I1590,Sep 1590 Calls,130719,16:00:00,1590,C,130920,,110.7,107,110.1,-0.019,,27754,92.269,0.124,193.151,-26.43,215.465,0.895,-1
,SPX 13I1590D30,SepQ 1590 Calls,130719,16:00:00,1590,C,130930,,105.62,108.7,112.2,0.046,,2,86.818,0.177,187.253,-17.318,264.827,0.875,-1
,SPX 13J1590,Oct 1590 Calls,130719,16:00:00,1590,C,131018,,115.21,112.6,115.7,-0.009,,,87.764,0.161,256.884,-23.908,293.958,0.847,-1
,SPX 13L1590,Dec 1590 Calls,130719,16:00:00,1590,C,131220,0.166,125.53,123.5,126.5,-0.004,,206,82.708,0.16,370.75,-20.323,453.925,0.775,-1
,SPX 13S1590,Jul 1590 Puts,130719,16:00:00,1590,P,130719,,0,,,,,30173,0,0,0,0,0,,-1
,SPX 13S1590D26,JulW4 1590 Puts,130719,16:00:00,1590,P,130726,0.187,0.22,0.15,0.25,-0.091,979,9059,-0.372,0.011,8.559,-8.074,-0.491,0,0.25
,SPX 13T1590D2,AugW1 1590 Puts,130719,16:00:00,1590,P,130802,0.169,0.84,0.7,0.9,-0.048,72,1074,-1.585,0.04,27.223,-14.18,-2.517,0.004,0.9
,SPX 13T1590D9,AugW2 1590 Puts,130719,16:00:00,1590,P,130809,0.16,1.68,1.5,1.8,-0.012,8,62,-2.947,0.068,48.504,-17.124,-6.001,0.014,1.9
,SPX 13T1590,Aug 1590 Puts,130719,16:00:00,1590,P,130816,0.156,2.67,2.15,2.9,-0.052,790,10713,-4.416,0.098,69.087,-18.511,-10.376,0.027,2.65
,SPX 13T1590D23,AugW4 1590 Puts,130719,16:00:00,1590,P,130823,0.156,4.14,3.9,4.4,0.014,3,16,-6.223,0.117,95.647,-20.683,-17.546,0.045,5.3
,SPX 13U1590,Sep 1590 Puts,130719,16:00:00,1590,P,130920,0.158,10.67,10,11.4,0.004,7,30318,-11.641,0.149,180.47,-22.571,-52.388,0.105,11
,SPX 13U1590D30,SepQ 1590 Puts,130719,16:00:00,1590,P,130930,0.157,13.11,12.4,13.8,-0.001,,3270,-12.946,0.149,208.126,-22.046,-68.299,0.125,-1
,SPX 13V1590,Oct 1590 Puts,130719,16:00:00,1590,P,131018,0.161,17.97,17.2,18.8,0.008,1,79,-15.104,0.15,250.809,-22.216,-97.516,0.153,20.45
,SPX 13X1590,Dec 1590 Puts,130719,16:00:00,1590,P,131220,0.166,33.51,32.8,34.4,0.005,6,251,-19.578,0.141,369.421,-19.69,-214.058,0.225,35
,SPX 13G1595,Jul 1595 Calls,130719,16:00:00,1595,C,130719,,97.1,,,,,6081,100,0,0,0,0,,-1
,SPX 13G1595D26,JulW4 1595 Calls,130719,16:00:00,1595,C,130726,,97.36,97.4,99.2,0.01,,73,99.264,0.017,21.417,-27.778,33.46,1,-1
,SPX 13H1595D2,AugW1 1595 Calls,130719,16:00:00,1595,C,130802,,96.41,97.6,99.4,0.022,,,97.941,0.075,21.33,-9.647,63.641,0.994,-1
,SPX 13H1595D9,AugW2 1595 Calls,130719,16:00:00,1595,C,130809,,96.61,97.1,98.9,0.014,,,96.041,0.114,43.396,-13.608,90.881,0.981,-1
,SPX 13H1595,Aug 1595 Calls,130719,16:00:00,1595,C,130816,,96.75,96.6,99.6,0.014,,303,94.624,0.14,59.992,-14.38,113.691,0.967,-1
,SPX 13H1595D23,AugW4 1595 Calls,130719,16:00:00,1595,C,130823,,97.64,98.5,99.8,0.015,,,92.465,0.157,90.093,-17.318,141.104,0.946,-1
,SPX 13I1595,Sep 1595 Calls,130719,16:00:00,1595,C,130920,,106.16,102.7,105.8,-0.018,,18606,91.492,0.163,197.996,-26.591,213.874,0.883,-1
,SPX 13L1595,Dec 1595 Calls,130719,16:00:00,1595,C,131220,0.164,121.54,119.5,122.4,-0.005,,70,81.841,0.167,375.819,-20.394,449.667,0.762,-1
,SPX 13S1595,Jul 1595 Puts,130719,16:00:00,1595,P,130719,,0,,,,,7580,0,0,0,0,0,,-1
,SPX 13S1595D26,JulW4 1595 Puts,130719,16:00:00,1595,P,130726,0.182,0.24,0.2,0.25,-0.042,654,1188,-0.434,0.013,9.449,-9.14,-0.55,0,0.3
,SPX 13T1595D2,AugW1 1595 Puts,130719,16:00:00,1595,P,130802,0.165,0.93,0.8,0.95,-0.043,508,640,-1.819,0.048,29.817,-15.236,-2.815,0.006,1.2
,SPX 13T1595D9,AugW2 1595 Puts,130719,16:00:00,1595,P,130809,0.157,1.85,1.6,2,-0.016,50,191,-3.352,0.084,52.436,-18.195,-6.633,0.019,2.15
,SPX 13T1595,Aug 1595 Puts,130719,16:00:00,1595,P,130816,0.156,2.93,2.5,3.5,0.027,37,5644,-4.974,0.112,73.995,-20.656,-11.372,0.033,3.15
,SPX 13T1595D23,AugW4 1595 Puts,130719,16:00:00,1595,P,130823,0.153,4.5,4.2,4.8,0,,2,-6.88,0.13,101.391,-21.454,-19.033,0.054,-1
,SPX 13U1595,Sep 1595 Puts,130719,16:00:00,1595,P,130920,0.157,11.34,10.7,12,0.005,6,18885,-12.459,0.159,187.019,-23.281,-55.468,0.117,12.45
,SPX 13X1595,Dec 1595 Puts,130719,16:00:00,1595,P,131220,0.164,34.68,34,35.7,0.005,,512,-20.339,0.146,374.827,-19.826,-220.82,0.238,-1
,SPX 13G1600,Jul 1600 Calls,130719,16:00:00,1600,C,130719,,92.1,,,,,64814,100,0,0,0,0,,-1
,SPX 13G1600D26,JulW4 1600 Calls,130719,16:00:00,1600,C,130726,,92.4,92.4,94.2,0.01,,2596,99.166,0.02,22.688,-28.505,33.461,1,-1
,SPX 13H1600D2,AugW1 1600 Calls,130719,16:00:00,1600,C,130802,,91.53,92.7,94.5,0.023,,20,97.504,0.09,24.908,-11.276,63.461,0.992,-1
,SPX 13H1600D9,AugW2 1600 Calls,130719,16:00:00,1600,C,130809,,91.84,92.3,94.1,0.015,,15,95.391,0.132,48.702,-15.213,90.36,0.975,-1
,SPX 13H1600,Aug 1600 Calls,130719,16:00:00,1600,C,130816,,92.05,91.9,94.9,0.014,3801,43729,93.833,0.159,66.428,-15.866,112.847,0.958,93
,SPX 13H1600D23,AugW4 1600 Calls,130719,16:00:00,1600,C,130823,,93.06,93.9,95.2,0.016,,,91.587,0.174,97.203,-18.568,139.814,0.935,-1
,SPX 13I1600,Sep 1600 Calls,130719,16:00:00,1600,C,130920,,101.66,98.5,101.5,-0.017,518,93266,90.593,0.177,203.016,-26.765,212.097,0.869,98
,SPX 13I1600D30,SepQ 1600 Calls,130719,16:00:00,1600,C,130930,,97.15,100.3,103.7,0.05,,2227,84.813,0.201,203.63,-18.59,258.673,0.848,-1
,SPX 13J1600,Oct 1600 Calls,130719,16:00:00,1600,C,131018,0.161,106.69,104.5,107.5,-0.007,2000,1433,85.948,0.182,267.618,-23.621,288.453,0.819,103.8
,SPX 13L1600,Dec 1600 Calls,130719,16:00:00,1600,C,131220,0.163,117.61,115.7,118.8,-0.003,6590,51764,80.939,0.174,380.822,-20.535,445.192,0.748,116.1
,SPX 13L1600D31,DecQ 1600 Calls,130719,16:00:00,1600,C,131231,0.164,119.75,117.6,121.2,-0.003,,10889,80.214,0.17,399.221,-20.109,473.222,0.739,-1
,SPX 14C1600,Mar14 1600 Calls,130719,16:00:00,1600,C,140321,0.167,132.33,130.7,134,-0.001,1500,11175,76.076,0.146,502.728,-17.881,651.968,0.692,130
,SPX 14F1600,Jun14 1600 Calls,130719,16:00:00,1600,C,140621,0.168,144.71,143.2,146.8,0.001,115,10426,73.146,0.128,598.934,-16.032,851.574,0.658,142.55
,SPX 13S1600,Jul 1600 Puts,130719,16:00:00,1600,P,130719,,0,,,,,89639,0,0,0,0,0,,-1
,SPX 13S1600D26,JulW4 1600 Puts,130719,16:00:00,1600,P,130726,0.178,0.27,0.25,0.3,0,5796,6762,-0.509,0.016,10.472,-10.368,-0.62,0,0.25
,SPX 13T1600D2,AugW1 1600 Puts,130719,16:00:00,1600,P,130802,0.16,1.04,0.9,1.05,-0.058,553,4791,-2.093,0.056,32.698,-16.184,-3.156,0.008,1.15
,SPX 13T1600D9,AugW2 1600 Puts,130719,16:00:00,1600,P,130809,0.154,2.05,1.8,2.2,-0.015,18,778,-3.834,0.098,56.727,-19.345,-7.346,0.025,2.5
,SPX 13T1600,Aug 1600 Puts,130719,16:00:00,1600,P,130816,0.154,3.22,3.2,3.5,0.04,5717,68121,-5.606,0.127,79.248,-21.964,-12.478,0.042,3.4
,SPX 13T1600D23,AugW4 1600 Puts,130719,16:00:00,1600,P,130823,0.152,4.9,4.6,5.2,0.006,5252,300,-7.609,0.145,107.411,-22.593,-20.657,0.065,5.5
,SPX 13U1600,Sep 1600 Puts,130719,16:00:00,1600,P,130920,0.155,12.06,11.4,12.8,0.004,7304,91374,-13.331,0.17,193.632,-23.853,-58.72,0.131,12.3
,SPX 13U1600D30,SepQ 1600 Puts,130719,16:00:00,1600,P,130930,0.154,14.65,13.9,15.4,0.005,2676,4820,-14.63,0.169,221.263,-23.096,-75.739,0.152,16.1
,SPX 13V1600,Oct 1600 Puts,130719,16:00:00,1600,P,131018,0.158,19.78,19,20.6,0.003,449,8134,-16.778,0.166,263.286,-22.791,-106.498,0.181,20.6
,SPX 13X1600,Dec 1600 Puts,130719,16:00:00,1600,P,131220,0.163,35.89,35.2,36.9,0.005,611,47424,-21.126,0.151,380.115,-19.953,-227.765,0.252,36.7
,SPX 13X1600D31,DecQ 1600 Puts,130719,16:00:00,1600,P,131231,0.164,38.64,37.6,39.9,0.003,,3990,-21.684,0.148,398.478,-19.415,-251.97,0.261,-1
,SPX 14O1600,Mar14 1600 Puts,130719,16:00:00,1600,P,140321,0.17,57.2,56.1,58.7,0.004,1460,11904,-24.511,0.134,503.541,-16.956,-421.327,0.308,58.4
,SPX 14R1600,Jun14 1600 Puts,130719,16:00:00,1600,P,140621,0.176,77.06,75.8,78.8,0.003,,10165,-26.339,0.117,600.909,-14.897,-628.19,0.342,-1
,SPX 13G1605,Jul 1605 Calls,130719,16:00:00,1605,C,130719,,87.1,,,,,1028,100,0,0,0,0,,-1
,SPX 13G1605D26,JulW4 1605 Calls,130719,16:00:00,1605,C,130726,,87.45,87.5,89.2,0.01,,118,99.051,0.024,24.102,-29.305,33.448,0.999,-1
,SPX 13H1605D2,AugW1 1605 Calls,130719,16:00:00,1605,C,130802,,86.67,87.8,89.6,0.023,,55,96.979,0.109,28.971,-13.113,63.208,0.988,-1
,SPX 13H1605D9,AugW2 1605 Calls,130719,16:00:00,1605,C,130809,,87.1,87.5,89.3,0.011,53,76,94.641,0.152,54.474,-16.942,89.724,0.968,82.2
,SPX 13H1605,Aug 1605 Calls,130719,16:00:00,1605,C,130816,,87.4,87.3,90.2,0.015,,757,92.938,0.18,73.294,-17.437,111.855,0.949,-1
,SPX 13H1605D23,AugW4 1605 Calls,130719,16:00:00,1605,C,130823,,88.54,89.3,90.7,0.016,,,90.617,0.193,104.612,-19.855,138.356,0.924,-1
,SPX 13I1605,Sep 1605 Calls,130719,16:00:00,1605,C,130920,,97.21,94.2,97.2,-0.016,,14516,89.623,0.191,208.194,-26.95,210.126,0.855,-1
,SPX 13S1605,Jul 1605 Puts,130719,16:00:00,1605,P,130719,,0,,,,,7305,0,0,0,0,0,,-1
,SPX 13S1605D26,JulW4 1605 Puts,130719,16:00:00,1605,P,130726,0.172,0.3,0.25,0.35,0,296,3471,-0.601,0.019,11.653,-11.234,-0.703,0.001,0.3
,SPX 13T1605D2,AugW1 1605 Puts,130719,16:00:00,1605,P,130802,0.156,1.16,1,1.15,-0.069,477,279,-2.416,0.066,35.898,-17.213,-3.547,0.012,1.25
,SPX 13T1605D9,AugW2 1605 Puts,130719,16:00:00,1605,P,130809,0.151,2.27,2.1,2.4,-0.004,43,83,-4.389,0.113,61.398,-20.783,-8.153,0.032,2.55
,SPX 13T1605,Aug 1605 Puts,130719,16:00:00,1605,P,130816,0.153,3.54,3.2,4.3,0.059,41,25972,-6.32,0.144,84.851,-23.526,-13.707,0.051,3.8
,SPX 13T1605D23,AugW4 1605 Puts,130719,16:00:00,1605,P,130823,0.149,5.33,5.1,5.7,0.013,,859,-8.415,0.161,113.699,-23.585,-22.427,0.076,-1
,SPX 13U1605,Sep 1605 Puts,130719,16:00:00,1605,P,130920,0.153,12.83,12.2,13.6,0.005,,15569,-14.262,0.182,200.286,-24.413,-62.152,0.145,-1
,SPX 13G1610,Jul 1610 Calls,130719,16:00:00,1610,C,130719,,82.1,,,,,16573,100,0,0,0,0,,-1
,SPX 13G1610D26,JulW4 1610 Calls,130719,16:00:00,1610,C,130726,,82.51,82.5,84.3,0.011,,686,98.914,0.028,25.684,-30.189,33.417,0.998,-1
,SPX 13H1610D2,AugW1 1610 Calls,130719,16:00:00,1610,C,130802,,81.84,83,84.5,0.023,,158,96.35,0.131,33.555,-15.168,62.87,0.983,-1
,SPX 13H1610D9,AugW2 1610 Calls,130719,16:00:00,1610,C,130809,,82.41,82.8,84.6,0.016,,23,93.782,0.175,60.71,-18.792,88.96,0.959,-1
,SPX 13H1610,Aug 1610 Calls,130719,16:00:00,1610,C,130816,,82.8,82.4,85.3,0.011,225,4685,91.93,0.203,80.571,-19.086,110.701,0.938,80.05
,SPX 13H1610D23,AugW4 1610 Calls,130719,16:00:00,1610,C,130823,,84.06,84.8,86.2,0.017,,,89.55,0.213,112.288,-21.171,136.719,0.91,-1
,SPX 13I1610,Sep 1610 Calls,130719,16:00:00,1610,C,130920,,92.82,90.1,92.8,-0.015,,23453,88.577,0.206,213.511,-27.144,207.947,0.839,-1
,SPX 13I1610D30,SepQ 1610 Calls,130719,16:00:00,1610,C,130930,0.155,88.9,92.2,95.6,0.056,,4,82.56,0.227,220.015,-24.984,251.62,0.817,-1
,SPX 13J1610,Oct 1610 Calls,130719,16:00:00,1610,C,131018,0.158,98.37,96.5,99.4,-0.004,,,83.913,0.205,278.449,-24.254,282.104,0.789,-1
,SPX 13S1610,Jul 1610 Puts,130719,16:00:00,1610,P,130719,,0,,,,,19646,0,0,0,0,0,,-1
,SPX 13S1610D26,JulW4 1610 Puts,130719,16:00:00,1610,P,130726,0.169,0.33,0.35,0.4,0.152,2768,8909,-0.715,0.024,13.023,-13.41,-0.801,0.002,0.4
,SPX 13T1610D2,AugW1 1610 Puts,130719,16:00:00,1610,P,130802,0.152,1.3,1.15,1.3,-0.054,153,327,-2.819,0.088,39.453,-18.773,-3.998,0.017,1.35
,SPX 13T1610D9,AugW2 1610 Puts,130719,16:00:00,1610,P,130809,0.148,2.53,2.35,2.65,-0.008,82,34,-5.031,0.131,66.468,-21.894,-9.065,0.041,2.8
,SPX 13T1610,Aug 1610 Puts,130719,16:00:00,1610,P,130816,0.147,3.91,3.4,4.3,-0.013,110,13194,-7.127,0.163,90.802,-23.583,-15.071,0.062,4.1
,SPX 13T1610D23,AugW4 1610 Puts,130719,16:00:00,1610,P,130823,0.147,5.82,5.5,6.1,-0.003,,,-9.307,0.178,120.241,-24.42,-24.355,0.09,-1
,SPX 13U1610,Sep 1610 Puts,130719,16:00:00,1610,P,130920,0.151,13.64,13,14.3,0.002,121,35410,-15.253,0.195,206.954,-24.831,-65.769,0.161,14
,SPX 13U1610D30,SepQ 1610 Puts,130719,16:00:00,1610,P,130930,0.151,16.39,15.6,17.2,0.001,,,-16.52,0.19,234.386,-23.855,-83.922,0.183,-1
,SPX 13V1610,Oct 1610 Puts,130719,16:00:00,1610,P,131018,0.155,21.77,20.9,22.6,0,9966,513,-18.622,0.184,275.523,-23.412,-116.219,0.211,22.1
,SPX 13G1615,Jul 1615 Calls,130719,16:00:00,1615,C,130719,,77.1,,,,,5789,100,0,0,0,0,,-1
,SPX 13G1615D26,JulW4 1615 Calls,130719,16:00:00,1615,C,130726,,77.57,77.5,79.3,0.011,,233,98.75,0.034,27.458,-31.165,33.365,0.997,-1
,SPX 13H1615D2,AugW1 1615 Calls,130719,16:00:00,1615,C,130802,,77.05,78.1,79.9,0.025,,729,95.599,0.156,38.688,-17.449,62.434,0.977,-1
,SPX 13H1615D9,AugW2 1615 Calls,130719,16:00:00,1615,C,130809,,77.76,78.1,79.9,0.016,,,92.798,0.2,67.402,-20.754,88.054,0.949,-1
,SPX 13H1615,Aug 1615 Calls,130719,16:00:00,1615,C,130816,,78.25,77.8,80.9,0.014,,1050,90.799,0.228,88.228,-20.803,109.373,0.925,-1
,SPX 13H1615D23,AugW4 1615 Calls,130719,16:00:00,1615,C,130823,,79.65,80.4,81.7,0.018,,,88.378,0.234,120.192,-22.507,134.892,0.896,-1
,SPX 13I1615,Sep 1615 Calls,130719,16:00:00,1615,C,130920,0.153,88.48,86,88.9,-0.012,,12044,87.451,0.223,218.943,-26.207,205.551,0.822,-1
,SPX 13S1615,Jul 1615 Puts,130719,16:00:00,1615,P,130719,,0,,,,,8506,0,0,0,0,0,,-1
,SPX 13S1615D26,JulW4 1615 Puts,130719,16:00:00,1615,P,130726,0.161,0.37,0.35,0.45,0.081,307,2103,-0.855,0.03,14.618,-13.754,-0.919,0.003,0.4
,SPX 13T1615D2,AugW1 1615 Puts,130719,16:00:00,1615,P,130802,0.149,1.46,1.3,1.5,-0.041,214,1219,-3.335,0.108,43.432,-20.493,-4.523,0.023,1.45
,SPX 13T1615D9,AugW2 1615 Puts,130719,16:00:00,1615,P,130809,0.145,2.82,2.6,2.95,-0.014,,617,-5.772,0.152,71.95,-23.291,-10.097,0.051,-1
,SPX 13T1615,Aug 1615 Puts,130719,16:00:00,1615,P,130816,0.147,4.32,3.9,5.1,0.044,2933,4932,-8.038,0.184,97.096,-25.834,-16.584,0.075,4.7
,SPX 13T1615D23,AugW4 1615 Puts,130719,16:00:00,1615,P,130823,0.145,6.35,6.1,6.7,0.011,22,5,-10.292,0.197,127.015,-25.618,-26.454,0.104,6.85
,SPX 13U1615,Sep 1615 Puts,130719,16:00:00,1615,P,130920,0.15,14.51,13.8,15.3,0.004,2512,12219,-16.308,0.208,213.606,-25.487,-69.579,0.178,15
,SPX 13G1620,Jul 1620 Calls,130719,16:00:00,1620,C,130719,,72.1,,,,,11555,100,0,0,0,0,,-1
,SPX 13G1620D26,JulW4 1620 Calls,130719,16:00:00,1620,C,130726,,72.64,72.6,74.3,0.011,,2594,98.552,0.042,29.457,-32.243,33.288,0.995,-1
,SPX 13H1620D2,AugW1 1620 Calls,130719,16:00:00,1620,C,130802,,72.3,73.3,75.1,0.026,,1002,94.708,0.185,44.385,-19.957,61.886,0.968,-1
,SPX 13H1620D9,AugW2 1620 Calls,130719,16:00:00,1620,C,130809,,73.16,73.4,75.2,0.016,,,91.677,0.229,74.526,-22.818,86.992,0.936,-1
,SPX 13H1620,Aug 1620 Calls,130719,16:00:00,1620,C,130816,,73.77,73.3,76.4,0.014,3,1603,89.536,0.255,96.221,-22.577,107.859,0.91,73.35
,SPX 13H1620D23,AugW4 1620 Calls,130719,16:00:00,1620,C,130823,,75.3,76,77.3,0.018,,5,87.094,0.257,128.276,-23.854,132.866,0.879,-1
,SPX 13I1620,Sep 1620 Calls,130719,16:00:00,1620,C,130920,0.15,84.2,81.9,84.6,-0.011,,13629,86.238,0.241,224.458,-26.418,202.927,0.805,-1
,SPX 13I1620D30,SepQ 1620 Calls,130719,16:00:00,1620,C,130930,0.151,80.91,84.1,87.3,0.059,,41,80.043,0.254,236.072,-25.483,243.632,0.783,-1
,SPX 13J1620,Oct 1620 Calls,130719,16:00:00,1620,C,131018,0.155,90.28,88.7,91.6,-0.001,,128,81.641,0.229,289.17,-24.75,274.863,0.756,-1
,SPX 13S1620,Jul 1620 Puts,130719,16:00:00,1620,P,130719,,0,,,,,14524,0,0,0,0,0,,-1
,SPX 13S1620D26,JulW4 1620 Puts,130719,16:00:00,1620,P,130726,0.156,0.42,0.4,0.5,0.071,1440,1804,-1.031,0.038,16.483,-15.057,-1.062,0.005,0.45
,SPX 13T1620D2,AugW1 1620 Puts,130719,16:00:00,1620,P,130802,0.146,1.66,1.5,1.7,-0.03,106,340,-3.96,0.131,47.887,-22.391,-5.136,0.032,1.85
,SPX 13T1620D9,AugW2 1620 Puts,130719,16:00:00,1620,P,130809,0.143,3.15,2.95,3.3,-0.003,66,1466,-6.627,0.175,77.852,-24.985,-11.262,0.064,3.5
,SPX 13T1620,Aug 1620 Puts,130719,16:00:00,1620,P,130816,0.142,4.78,4.1,5.3,-0.015,1353,10039,-9.065,0.208,103.716,-26.146,-18.261,0.09,4.9
,SPX 13T1620D23,AugW4 1620 Puts,130719,16:00:00,1620,P,130823,0.143,6.93,6.6,7.3,0.006,25,,-11.379,0.218,133.992,-26.645,-28.736,0.121,7.35
,SPX 13U1620,Sep 1620 Puts,130719,16:00:00,1620,P,130920,0.148,15.44,14.7,16.2,0.003,2,17315,-17.43,0.221,220.206,-25.866,-73.587,0.195,16
,SPX 13U1620D30,SepQ 1620 Puts,130719,16:00:00,1620,P,130930,0.147,18.33,17.4,19.1,-0.004,,129,-18.635,0.214,247.274,-24.541,-92.898,0.217,-1
,SPX 13V1620,Oct 1620 Puts,130719,16:00:00,1620,P,131018,0.152,23.97,23.1,24.9,0.003,29,130,-20.65,0.203,287.324,-24.06,-126.714,0.244,25.05
,SPX 13G1625,Jul 1625 Calls,130719,16:00:00,1625,C,130719,,67.1,,,,,55558,100,0,0,0,0,,-1
,SPX 13G1625D26,JulW4 1625 Calls,130719,16:00:00,1625,C,130726,,67.72,67.6,69.4,0.011,24,2510,98.311,0.051,31.716,-33.436,33.18,0.991,67.2
,SPX 13H1625D2,AugW1 1625 Calls,130719,16:00:00,1625,C,130802,,67.61,68.6,70.4,0.025,2,978,93.653,0.219,50.649,-22.687,61.21,0.957,64.7
,SPX 13H1625D9,AugW2 1625 Calls,130719,16:00:00,1625,C,130809,,68.63,68.8,70.6,0.016,,83,90.404,0.26,82.047,-24.969,85.761,0.921,-1
,SPX 13H1625,Aug 1625 Calls,130719,16:00:00,1625,C,130816,,69.36,68.8,71.9,0.011,12,34603,88.13,0.284,104.493,-24.39,106.146,0.893,65.85
,SPX 13H1625D23,AugW4 1625 Calls,130719,16:00:00,1625,C,130823,,71.02,71.7,72.9,0.018,,,85.692,0.281,136.482,-25.198,130.63,0.861,-1
,SPX 13I1625,Sep 1625 Calls,130719,16:00:00,1625,C,130920,0.148,79.99,77.9,80.7,-0.011,1473,36421,84.933,0.26,230.021,-26.753,200.065,0.787,75
,SPX 13I1625D30,SepQ 1625 Calls,130719,16:00:00,1625,C,130930,0.15,77.01,80.3,83.5,0.061,101,5653,78.682,0.268,243.858,-25.869,239.279,0.765,78.5
,SPX 13J1625,Oct 1625 Calls,130719,16:00:00,1625,C,131018,0.154,86.33,84.9,87.8,0,,2048,80.41,0.243,294.413,-24.979,270.894,0.739,-1
,SPX 13L1625,Dec 1625 Calls,130719,16:00:00,1625,C,131220,0.157,98.69,97.5,100.3,0.002,,38944,75.894,0.211,404.179,-20.979,419.478,0.677,-1
,SPX 13L1625D31,DecQ 1625 Calls,130719,16:00:00,1625,C,131231,0.158,101.03,99.6,103,0.003,,5889,75.314,0.204,421.906,-20.492,446.343,0.669,-1
,SPX 14C1625,Mar14 1625 Calls,130719,16:00:00,1625,C,140321,0.162,114.81,113.6,116.8,0.003,,8135,71.968,0.167,522.358,-17.978,618.461,0.631,-1
,SPX 14F1625,Jun14 1625 Calls,130719,16:00:00,1625,C,140621,0.164,128.09,127,130.5,0.005,,8059,69.597,0.142,616.605,-16.067,812.252,0.605,-1
,SPX 13S1625,Jul 1625 Puts,130719,16:00:00,1625,P,130719,,0,,,,,65283,0,0,0,0,0,,-1
,SPX 13S1625D26,JulW4 1625 Puts,130719,16:00:00,1625,P,130726,0.148,0.49,0.4,0.55,-0.02,2649,9544,-1.253,0.048,18.672,-15.564,-1.235,0.009,0.55
,SPX 13T1625D2,AugW1 1625 Puts,130719,16:00:00,1625,P,130802,0.142,1.89,1.75,1.95,-0.021,621,1204,-4.709,0.157,52.854,-24.218,-5.853,0.043,1.9
,SPX 13T1625D9,AugW2 1625 Puts,130719,16:00:00,1625,P,130809,0.14,3.53,3.3,3.7,0.003,16,1598,-7.612,0.203,84.172,-26.534,-12.577,0.079,4.4
,SPX 13T1625,Aug 1625 Puts,130719,16:00:00,1625,P,130816,0.142,5.3,5,5.9,0.028,723,38951,-10.221,0.235,110.635,-28.278,-20.114,0.107,5.55
,SPX 13T1625D23,AugW4 1625 Puts,130719,16:00:00,1625,P,130823,0.14,7.58,7.3,7.9,0.003,,,-12.577,0.241,141.135,-27.493,-31.213,0.139,-1
,SPX 13U1625,Sep 1625 Puts,130719,16:00:00,1625,P,130920,0.146,16.43,15.7,17,-0.004,4062,62599,-18.621,0.236,226.718,-26.222,-77.8,0.213,16.8
,SPX 13U1625D30,SepQ 1625 Puts,130719,16:00:00,1625,P,130930,0.145,19.39,18.5,20.1,-0.005,,1715,-19.783,0.226,253.547,-24.906,-97.696,0.235,-1
,SPX 13V1625,Oct 1625 Puts,130719,16:00:00,1625,P,131018,0.15,25.15,24.2,26,0.002,4245,7789,-21.737,0.213,292.991,-24.2,-132.26,0.261,27
,SPX 13X1625,Dec 1625 Puts,130719,16:00:00,1625,P,131220,0.157,42.59,41.8,43.5,0.001,,28112,-25.468,0.18,404.244,-20.336,-265.284,0.323,-1
,SPX 13X1625D31,DecQ 1625 Puts,130719,16:00:00,1625,P,131231,0.157,45.52,44.3,46.7,0,,3161,-25.912,0.175,421.892,-19.722,-291.464,0.331,-1
,SPX 14O1625,Mar14 1625 Puts,130719,16:00:00,1625,P,140321,0.165,65.06,64.2,66.9,0.008,,8610,-28.253,0.152,522.869,-17.107,-471.617,0.369,-1
,SPX 14R1625,Jun14 1625 Puts,130719,16:00:00,1625,P,140621,0.171,85.65,83.9,86.9,-0.003,,3127,-29.561,0.129,617.456,-14.782,-688.508,0.395,-1
,SPX 13G1630,Jul 1630 Calls,130719,16:00:00,1630,C,130719,,62.1,,,,,10142,100,0,0,0,0,,-1
,SPX 13G1630D26,JulW4 1630 Calls,130719,16:00:00,1630,C,130726,,62.82,62.7,64.5,0.011,8,4726,98.016,0.063,34.279,-34.755,33.035,0.986,62.2
,SPX 13H1630D2,AugW1 1630 Calls,130719,16:00:00,1630,C,130802,,62.97,63.9,65.6,0.025,3,4103,92.413,0.258,57.466,-25.624,60.391,0.944,60.9
,SPX 13H1630D9,AugW2 1630 Calls,130719,16:00:00,1630,C,130809,,64.17,64.3,65.8,0.014,,129,88.966,0.294,89.91,-27.187,84.348,0.903,-1
,SPX 13H1630,Aug 1630 Calls,130719,16:00:00,1630,C,130816,,65.02,64.4,67.4,0.012,2,2231,86.571,0.315,112.972,-26.225,104.224,0.874,64.4
,SPX 13H1630D23,AugW4 1630 Calls,130719,16:00:00,1630,C,130823,,66.81,67.4,68.6,0.018,,,84.165,0.306,144.741,-26.528,128.178,0.841,-1
,SPX 13I1630,Sep 1630 Calls,130719,16:00:00,1630,C,130920,0.147,75.85,74,76.7,-0.007,,8404,83.532,0.28,235.591,-27.449,196.954,0.767,-1
,SPX 13I1630D30,SepQ 1630 Calls,130719,16:00:00,1630,C,130930,0.149,73.19,76.4,79.6,0.066,,320,77.251,0.283,251.413,-26.335,234.687,0.747,-1
,SPX 13J1630,Oct 1630 Calls,130719,16:00:00,1630,C,131018,0.152,82.44,81.2,83.8,0.001,,10,79.114,0.256,299.531,-25.096,266.688,0.721,-1
,SPX 13S1630,Jul 1630 Puts,130719,16:00:00,1630,P,130719,,0,,,,,18078,0,0,0,0,0,,-1
,SPX 13S1630D26,JulW4 1630 Puts,130719,16:00:00,1630,P,130726,0.142,0.56,0.5,0.6,-0.018,995,4301,-1.536,0.062,21.249,-17.182,-1.446,0.014,0.5
,SPX 13T1630D2,AugW1 1630 Puts,130719,16:00:00,1630,P,130802,0.14,2.16,2.05,2.25,-0.005,63,1154,-5.61,0.189,58.362,-26.73,-6.692,0.056,2.2
,SPX 13T1630D9,AugW2 1630 Puts,130719,16:00:00,1630,P,130809,0.137,3.96,3.7,4.2,0,9,565,-8.747,0.234,90.895,-28.143,-14.061,0.097,4.25
,SPX 13T1630,Aug 1630 Puts,130719,16:00:00,1630,P,130816,0.139,5.88,5.4,6.6,0.022,2706,8016,-11.519,0.265,117.814,-29.428,-22.161,0.126,6.25
,SPX 13T1630D23,AugW4 1630 Puts,130719,16:00:00,1630,P,130823,0.139,8.29,8,8.7,0.01,1,354,-13.896,0.266,148.396,-28.678,-33.898,0.159,8.85
,SPX 13U1630,Sep 1630 Puts,130719,16:00:00,1630,P,130920,0.145,17.48,16.7,18.1,-0.003,421,10705,-19.886,0.251,233.098,-26.796,-82.223,0.233,18.1
,SPX 13U1630D30,SepQ 1630 Puts,130719,16:00:00,1630,P,130930,0.144,20.51,19.6,21.4,0,,2,-20.994,0.24,259.658,-25.354,-102.707,0.253,-1
,SPX 13V1630,Oct 1630 Puts,130719,16:00:00,1630,P,131018,0.148,26.39,25.4,27.2,-0.003,,828,-22.873,0.224,298.463,-24.318,-138.01,0.279,-1
,SPX 13G1635,Jul 1635 Calls,130719,16:00:00,1635,C,130719,,57.1,,,,,5115,100,0,0,0,0,,-1
,SPX 13G1635D26,JulW4 1635 Calls,130719,16:00:00,1635,C,130726,,57.93,57.8,59.5,0.012,24,138,97.65,0.079,37.198,-36.211,32.843,0.978,57.5
,SPX 13H1635D2,AugW1 1635 Calls,130719,16:00:00,1635,C,130802,,58.4,59.2,61,0.029,,653,90.962,0.302,64.797,-28.743,59.412,0.927,-1
,SPX 13H1635D9,AugW2 1635 Calls,130719,16:00:00,1635,C,130809,,59.79,59.8,61.4,0.008,25,67,87.347,0.331,98.042,-29.445,82.739,0.883,54.1
,SPX 13H1635,Aug 1635 Calls,130719,16:00:00,1635,C,130816,,60.77,60.1,63,0.013,1,2493,84.852,0.348,121.569,-28.06,102.082,0.852,61.15
,SPX 13H1635D23,AugW4 1635 Calls,130719,16:00:00,1635,C,130823,0.139,62.69,63.2,64.4,0.018,,,82.509,0.333,152.975,-30.244,125.501,0.819,-1
,SPX 13I1635,Sep 1635 Calls,130719,16:00:00,1635,C,130920,0.145,71.79,70.1,72.8,-0.005,,20108,82.028,0.301,241.117,-27.76,193.588,0.747,-1
,SPX 13S1635,Jul 1635 Puts,130719,16:00:00,1635,P,130719,,0,,,,,10677,0,0,0,0,0,,-1
,SPX 13S1635D26,JulW4 1635 Puts,130719,16:00:00,1635,P,130726,0.137,0.65,0.6,0.7,0,1735,5371,-1.961,0.096,24.319,-19.347,-1.71,0.022,0.65
,SPX 13T1635D2,AugW1 1635 Puts,130719,16:00:00,1635,P,130802,0.136,2.49,2.35,2.6,-0.004,15,612,-6.69,0.228,64.429,-28.894,-7.673,0.073,2.55
,SPX 13T1635D9,AugW2 1635 Puts,130719,16:00:00,1635,P,130809,0.134,4.46,4.2,4.7,-0.002,,1022,-10.051,0.27,97.99,-29.797,-15.731,0.117,-1
,SPX 13T1635,Aug 1635 Puts,130719,16:00:00,1635,P,130816,0.136,6.53,6,7.1,0.011,2,9736,-12.974,0.297,125.2,-30.58,-24.416,0.148,7.7
,SPX 13T1635D23,AugW4 1635 Puts,130719,16:00:00,1635,P,130823,0.136,9.07,8.8,9.4,0.011,1,1,-15.343,0.293,155.718,-29.662,-36.802,0.181,10.5
,SPX 13U1635,Sep 1635 Puts,130719,16:00:00,1635,P,130920,0.144,18.6,17.8,19.4,0.01,301,31450,-21.226,0.266,239.303,-27.454,-86.861,0.253,22.6
,SPX 13G1640,Jul 1640 Calls,130719,16:00:00,1640,C,130719,,52.1,,,,,19419,100,0,0,0,0,,-1
,SPX 13G1640D26,JulW4 1640 Calls,130719,16:00:00,1640,C,130726,,53.07,52.9,54.4,0.01,19,1977,97.191,0.1,40.531,-37.816,32.593,0.967,52.5
,SPX 13H1640D2,AugW1 1640 Calls,130719,16:00:00,1640,C,130802,,53.91,54.6,56.1,0.027,,3693,89.277,0.351,72.576,-32.006,58.256,0.907,-1
,SPX 13H1640D9,AugW2 1640 Calls,130719,16:00:00,1640,C,130809,,55.5,55.4,56.9,0.012,,316,85.535,0.371,106.352,-31.713,80.922,0.86,-1
,SPX 13H1640,Aug 1640 Calls,130719,16:00:00,1640,C,130816,0.135,56.61,56,58.8,0.012,10,3836,82.963,0.383,130.184,-31.852,99.714,0.829,55
,SPX 13H1640D23,AugW4 1640 Calls,130719,16:00:00,1640,C,130823,0.137,58.66,59.1,60.2,0.017,,,80.717,0.361,161.097,-31.126,122.594,0.796,-1
,SPX 13I1640,Sep 1640 Calls,130719,16:00:00,1640,C,130920,0.143,67.8,66.3,68.8,-0.005,51,11960,80.418,0.323,246.546,-27.931,189.958,0.726,65.5
,SPX 13I1640D30,SepQ 1640 Calls,130719,16:00:00,1640,C,130930,0.145,65.77,68.9,71.9,0.07,,,74.176,0.312,265.606,-26.722,224.781,0.707,-1
,SPX 13J1640,Oct 1640 Calls,130719,16:00:00,1640,C,131018,0.149,74.87,73.9,76.6,0.004,50,92,76.32,0.284,309.24,-25.47,257.553,0.684,73.15
,SPX 13S1640,Jul 1640 Puts,130719,16:00:00,1640,P,130719,,0,,,,,23269,0,0,0,0,0,,-1
,SPX 13S1640D26,JulW4 1640 Puts,130719,16:00:00,1640,P,130726,0.131,0.77,0.75,0.8,0,2754,5003,-2.533,0.127,28.026,-21.609,-2.044,0.033,0.75
,SPX 13T1640D2,AugW1 1640 Puts,130719,16:00:00,1640,P,130802,0.133,2.87,2.75,2.95,-0.003,48,708,-7.985,0.274,71.053,-31.2,-8.817,0.093,3.1
,SPX 13T1640D9,AugW2 1640 Puts,130719,16:00:00,1640,P,130809,0.132,5.03,4.8,5.3,0.008,137,236,-11.546,0.31,105.408,-31.703,-17.607,0.14,5.4
,SPX 13T1640,Aug 1640 Puts,130719,16:00:00,1640,P,130816,0.133,7.26,6.7,7.8,0,1773,12108,-14.598,0.332,132.723,-31.718,-26.893,0.171,7.5
,SPX 13T1640D23,AugW4 1640 Puts,130719,16:00:00,1640,P,130823,0.134,9.94,9.6,10.3,0.001,,2390,-16.929,0.321,163.031,-30.437,-39.938,0.204,-1
,SPX 13U1640,Sep 1640 Puts,130719,16:00:00,1640,P,130920,0.141,19.79,18.9,20.5,-0.003,93,11827,-22.645,0.283,245.282,-27.464,-91.717,0.274,20.4
,SPX 13U1640D30,SepQ 1640 Puts,130719,16:00:00,1640,P,130930,0.141,22.95,22,23.7,-0.004,,32,-23.615,0.267,271.224,-25.815,-113.383,0.293,-1
,SPX 13V1640,Oct 1640 Puts,130719,16:00:00,1640,P,131018,0.146,29.05,28.1,29.9,0,29,22,-25.302,0.246,308.688,-24.766,-150.127,0.316,30.3
,SPX 13G1645,Jul 1645 Calls,130719,16:00:00,1645,C,130719,,47.1,,,,,6149,100,0,0,0,0,,-1
,SPX 13G1645D26,JulW4 1645 Calls,130719,16:00:00,1645,C,130726,,48.23,48,49.6,0.007,1,860,96.611,0.127,44.347,-39.578,32.27,0.951,43.85
,SPX 13H1645D2,AugW1 1645 Calls,130719,16:00:00,1645,C,130802,,49.52,50.1,51.6,0.027,,205,87.331,0.405,80.704,-35.362,56.907,0.883,-1
,SPX 13H1645D9,AugW2 1645 Calls,130719,16:00:00,1645,C,130809,0.136,51.31,51.1,52.6,0.011,,401,83.517,0.413,114.726,-35.981,78.887,0.835,-1
,SPX 13H1645,Aug 1645 Calls,130719,16:00:00,1645,C,130816,0.132,52.56,51.6,54.5,0.007,1,2933,80.899,0.419,138.698,-32.799,97.112,0.803,50.95
,SPX 13H1645D23,AugW4 1645 Calls,130719,16:00:00,1645,C,130823,0.135,54.72,55,56.2,0.016,,,78.786,0.389,169.007,-31.949,119.452,0.771,-1
,SPX 13I1645,Sep 1645 Calls,130719,16:00:00,1645,C,130920,0.142,63.9,62.6,65.2,-0.002,2,24136,78.698,0.345,251.815,-28.32,186.059,0.704,61.9
,SPX 13S1645,Jul 1645 Puts,130719,16:00:00,1645,P,130719,,0,,,,,8952,0,0,0,0,0,,-1
,SPX 13S1645D26,JulW4 1645 Puts,130719,16:00:00,1645,P,130726,0.124,0.92,0.8,0.95,-0.054,654,5028,-3.295,0.171,32.49,-23.307,-2.471,0.049,0.85
,SPX 13T1645D2,AugW1 1645 Puts,130719,16:00:00,1645,P,130802,0.13,3.33,3.2,3.4,-0.006,34,209,-9.532,0.328,78.206,-33.624,-10.15,0.117,3.6
,SPX 13T1645D9,AugW2 1645 Puts,130719,16:00:00,1645,P,130809,0.129,5.69,5.4,5.9,0.011,47,395,-13.256,0.355,113.075,-33.379,-19.709,0.165,7.8
,SPX 13T1645,Aug 1645 Puts,130719,16:00:00,1645,P,130816,0.132,8.08,7.5,8.7,0.005,58,9131,-16.408,0.37,140.294,-33.214,-29.607,0.197,8.55
,SPX 13T1645D23,AugW4 1645 Puts,130719,16:00:00,1645,P,130823,0.132,10.88,10.5,11.3,0.002,,427,-18.663,0.352,170.252,-31.331,-43.316,0.229,-1
,SPX 13U1645,Sep 1645 Puts,130719,16:00:00,1645,P,130920,0.139,21.06,20.2,21.7,-0.005,,25946,-24.144,0.299,250.983,-27.794,-96.794,0.296,-1
,SPX 13G1650,Jul 1650 Calls,130719,16:00:00,1650,C,130719,,42.1,,,,,93938,100,0,0,0,0,,-1
,SPX 13G1650D26,JulW4 1650 Calls,130719,16:00:00,1650,C,130726,,43.43,43.2,45,0.014,36,10333,95.867,0.164,48.719,-41.497,31.854,0.929,42.8
,SPX 13H1650D2,AugW1 1650 Calls,130719,16:00:00,1650,C,130802,,45.23,45.7,47.2,0.025,1,4810,85.1,0.464,89.05,-38.744,55.351,0.856,44.9
,SPX 13H1650D9,AugW2 1650 Calls,130719,16:00:00,1650,C,130809,0.133,47.22,46.8,48.4,0.008,,354,81.282,0.458,123.028,-37.46,76.625,0.806,-1
,SPX 13H1650,Aug 1650 Calls,130719,16:00:00,1650,C,130816,0.13,48.61,47.6,50.4,0.008,30,61617,78.654,0.456,146.98,-34.257,94.275,0.775,49
,SPX 13H1650D23,AugW4 1650 Calls,130719,16:00:00,1650,C,130823,0.133,50.89,51.1,52.2,0.015,,,76.712,0.418,176.6,-32.861,116.075,0.744,-1
,SPX 13I1650,Sep 1650 Calls,130719,16:00:00,1650,C,130920,0.14,60.09,58.9,61.5,0,20,107052,76.865,0.369,256.858,-28.557,181.888,0.681,58.25
,SPX 13I1650D30,SepQ 1650 Calls,130719,16:00:00,1650,C,130930,0.142,58.69,61.7,64.6,0.076,,3513,70.817,0.341,278.184,-27.171,213.932,0.665,-1
,SPX 13J1650,Oct 1650 Calls,130719,16:00:00,1650,C,131018,0.145,67.61,66.8,69.4,0.006,45,3352,73.251,0.313,317.962,-25.564,247.451,0.645,66
,SPX 13L1650,Dec 1650 Calls,130719,16:00:00,1650,C,131220,0.151,81.2,80.5,83.1,0.007,,57653,69.924,0.251,422.777,-21.092,388.168,0.6,-1
,SPX 13L1650D31,DecQ 1650 Calls,130719,16:00:00,1650,C,131231,0.153,83.71,82.9,86.1,0.009,,8210,69.574,0.24,439.769,-20.632,413.969,0.594,-1
,SPX 14C1650,Mar14 1650 Calls,130719,16:00:00,1650,C,140321,0.156,98.43,97.3,100.4,0.003,400,14581,67.372,0.189,537.095,-17.85,580.114,0.568,96
,SPX 14F1650,Jun14 1650 Calls,130719,16:00:00,1650,C,140621,0.159,112.43,110.8,114.1,-0.001,516,12556,65.736,0.156,629.646,-15.845,768.509,0.55,110.8
,SPX 13S1650,Jul 1650 Puts,130719,16:00:00,1650,P,130719,,0,,,,,68503,0,0,0,0,0,,-1
,SPX 13S1650D26,JulW4 1650 Puts,130719,16:00:00,1650,P,130726,0.119,1.12,1,1.1,-0.062,1630,22084,-4.315,0.23,37.836,-26.021,-3.019,0.071,1
,SPX 13T1650D2,AugW1 1650 Puts,130719,16:00:00,1650,P,130802,0.127,3.87,3.8,4.1,0.023,266,6398,-11.374,0.39,85.824,-36.683,-11.698,0.144,4.2
,SPX 13T1650D9,AugW2 1650 Puts,130719,16:00:00,1650,P,130809,0.127,6.43,6.2,6.7,0.006,75,3033,-15.206,0.405,120.89,-35.021,-22.057,0.194,6.85
,SPX 13T1650,Aug 1650 Puts,130719,16:00:00,1650,P,130816,0.129,9,8.5,9.5,0.001,3865,54266,-18.415,0.412,147.806,-34.257,-32.57,0.225,9.2
,SPX 13T1650D23,AugW4 1650 Puts,130719,16:00:00,1650,P,130823,0.13,11.92,11.6,12.3,0.007,191,,-20.553,0.384,177.287,-32.321,-46.945,0.256,13
,SPX 13U1650,Sep 1650 Puts,130719,16:00:00,1650,P,130920,0.138,22.41,21.4,23,-0.008,3282,103585,-25.725,0.317,256.348,-28.075,-102.095,0.319,22.7
,SPX 13U1650D30,SepQ 1650 Puts,130719,16:00:00,1650,P,130930,0.138,25.67,24.6,26.4,-0.005,500,2406,-26.515,0.297,281.61,-26.231,-124.948,0.335,26.5
,SPX 13V1650,Oct 1650 Puts,130719,16:00:00,1650,P,131018,0.143,31.97,31,32.8,-0.001,145,5919,-27.946,0.269,317.717,-24.99,-163.076,0.355,33
,SPX 13X1650,Dec 1650 Puts,130719,16:00:00,1650,P,131220,0.151,50.51,49.6,51.6,0.004,2437,29783,-30.528,0.212,422.895,-20.511,-307.522,0.4,53
,SPX 13X1650D31,DecQ 1650 Puts,130719,16:00:00,1650,P,131231,0.151,53.58,52.1,54.7,-0.003,,1052,-30.8,0.204,439.845,-19.707,-335.628,0.406,-1
,SPX 14O1650,Mar14 1650 Puts,130719,16:00:00,1650,P,140321,0.16,73.95,72.4,75.1,-0.001,1300,10856,-32.402,0.17,537.232,-16.901,-526.114,0.432,76.5
,SPX 14R1650,Jun14 1650 Puts,130719,16:00:00,1650,P,140621,0.168,95.11,93.6,96.5,0,130,7910,-33.044,0.14,629.703,-14.684,-752.609,0.45,97
,SPX 13G1655,Jul 1655 Calls,130719,16:00:00,1655,C,130719,,37.1,,,,,11256,100,0,0,0,0,,-1
,SPX 13G1655D26,JulW4 1655 Calls,130719,16:00:00,1655,C,130726,,38.67,38.5,40.3,0.015,2,1596,94.863,0.308,53.726,-43.564,31.32,0.902,35.95
,SPX 13H1655D2,AugW1 1655 Calls,130719,16:00:00,1655,C,130802,0.139,41.07,41.4,42.8,0.021,2,1503,82.563,0.527,97.442,-46.991,53.576,0.824,38.8
,SPX 13H1655D9,AugW2 1655 Calls,130719,16:00:00,1655,C,130809,0.13,43.26,42.7,44.2,0.004,,2506,78.82,0.504,131.104,-38.837,74.132,0.775,-1
,SPX 13H1655,Aug 1655 Calls,130719,16:00:00,1655,C,130816,0.128,44.79,43.6,46.4,0.004,1,7697,76.227,0.493,154.886,-35.414,91.2,0.746,44.65
,SPX 13H1655D23,AugW4 1655 Calls,130719,16:00:00,1655,C,130823,0.13,47.16,47.2,48.3,0.013,,,74.493,0.448,183.761,-33.353,112.464,0.717,-1
,SPX 13I1655,Sep 1655 Calls,130719,16:00:00,1655,C,130920,0.138,56.38,55.4,57.9,0.003,10,6109,74.916,0.392,261.599,-28.759,177.443,0.658,54.4
,SPX 13L1655,Dec 1655 Calls,130719,16:00:00,1655,C,131220,0.15,77.89,77.2,79.8,0.008,,286,68.62,0.259,425.666,-21.048,381.254,0.584,-1
,SPX 13S1655,Jul 1655 Puts,130719,16:00:00,1655,P,130719,,0,,,,,12471,0,0,0,0,0,,-1
,SPX 13S1655D26,JulW4 1655 Puts,130719,16:00:00,1655,P,130726,0.114,1.38,1.25,1.4,-0.043,884,1452,-5.686,0.31,44.175,-29.907,-3.723,0.098,1.3
,SPX 13T1655D2,AugW1 1655 Puts,130719,16:00:00,1655,P,130802,0.125,4.52,4.4,4.8,0.027,1124,302,-13.558,0.463,93.796,-39.483,-13.486,0.176,5.4
,SPX 13T1655D9,AugW2 1655 Puts,130719,16:00:00,1655,P,130809,0.124,7.29,7,7.6,0.004,86,77,-17.418,0.46,128.72,-36.589,-24.669,0.225,7.75
,SPX 13T1655,Aug 1655 Puts,130719,16:00:00,1655,P,130816,0.127,10.02,9.4,10.6,0.003,779,1573,-20.634,0.455,155.13,-35.406,-35.793,0.254,11.1
,SPX 13T1655D23,AugW4 1655 Puts,130719,16:00:00,1655,P,130823,0.128,13.06,12.7,13.5,0.003,,,-22.607,0.418,184.027,-32.894,-50.832,0.283,-1
,SPX 13U1655,Sep 1655 Puts,130719,16:00:00,1655,P,130920,0.135,23.83,22.8,24.4,-0.01,,591,-27.392,0.334,261.317,-28.183,-107.62,0.342,-1
,SPX 13X1655,Dec 1655 Puts,130719,16:00:00,1655,P,131220,0.15,52.26,51.4,53.3,0.002,1,313,-31.629,0.218,425.758,-20.482,-316.531,0.416,52.8
,SPX 13G1660,Jul 1660 Calls,130719,16:00:00,1660,C,130719,,32.1,,,,,19619,100,0,0,0,0,,-1
,SPX 13G1660D26,JulW4 1660 Calls,130719,16:00:00,1660,C,130726,,33.99,33.9,35.3,0.016,80,14416,92.646,0.508,59.632,-46.063,30.604,0.867,33.4
,SPX 13H1660D2,AugW1 1660 Calls,130719,16:00:00,1660,C,130802,0.136,37.04,37.2,38.6,0.02,2,2401,79.702,0.594,105.673,-49.001,51.572,0.788,35.55
,SPX 13H1660D9,AugW2 1660 Calls,130719,16:00:00,1660,C,130809,0.127,39.43,38.7,40.2,0.001,,2170,76.126,0.551,138.78,-40.072,71.404,0.741,-1
,SPX 13H1660,Aug 1660 Calls,130719,16:00:00,1660,C,130816,0.125,41.09,39.8,42.4,0,35,11374,73.616,0.53,162.264,-36.251,87.893,0.714,40.9
,SPX 13H1660D23,AugW4 1660 Calls,130719,16:00:00,1660,C,130823,0.128,43.55,43.5,44.5,0.01,,,72.131,0.478,190.37,-34.058,108.62,0.687,-1
,SPX 13I1660,Sep 1660 Calls,130719,16:00:00,1660,C,130920,0.136,52.78,51.9,54.2,0.002,1,10591,72.852,0.416,265.962,-28.804,172.725,0.634,49.1
,SPX 13I1660D30,SepQ 1660 Calls,130719,16:00:00,1660,C,130930,0.139,51.97,54.8,57.5,0.08,,6,67.179,0.37,288.66,-27.327,202.182,0.621,-1
,SPX 13J1660,Oct 1660 Calls,130719,16:00:00,1660,C,131018,0.143,60.68,60,62.4,0.009,,27,69.905,0.342,325.332,-25.647,236.394,0.605,-1
,SPX 13L1660,Dec 1660 Calls,130719,16:00:00,1660,C,131220,0.148,74.65,74.1,76.6,0.009,,1106,67.28,0.266,428.221,-20.989,374.132,0.568,-1
,SPX 13S1660,Jul 1660 Puts,130719,16:00:00,1660,P,130719,,0,,,,,19598,0,0,0,0,0,,-1
,SPX 13S1660D26,JulW4 1660 Puts,130719,16:00:00,1660,P,130726,0.11,1.71,1.6,1.8,-0.006,2114,3108,-7.53,0.418,51.573,-34.68,-4.63,0.133,1.65
,SPX 13T1660D2,AugW1 1660 Puts,130719,16:00:00,1660,P,130802,0.121,5.29,5.2,5.6,0.021,179,194,-16.131,0.545,101.952,-41.672,-15.542,0.212,5.5
,SPX 13T1660D9,AugW2 1660 Puts,130719,16:00:00,1660,P,130809,0.121,8.26,8,8.6,0.007,7,109,-19.917,0.52,136.395,-38.036,-27.562,0.259,8.75
,SPX 13T1660,Aug 1660 Puts,130719,16:00:00,1660,P,130816,0.125,11.17,10.5,11.8,-0.001,443,4282,-23.074,0.501,162.117,-36.435,-39.282,0.286,11.4
,SPX 13T1660D23,AugW4 1660 Puts,130719,16:00:00,1660,P,130823,0.126,14.31,13.9,14.7,-0.001,,,-24.832,0.454,190.352,-33.526,-54.982,0.313,-1
,SPX 13U1660,Sep 1660 Puts,130719,16:00:00,1660,P,130920,0.134,25.35,24.3,26,-0.005,1,3398,-29.144,0.352,265.829,-28.462,-113.368,0.366,26.9
,SPX 13U1660D30,SepQ 1660 Puts,130719,16:00:00,1660,P,130930,0.135,28.71,27.7,29.6,-0.002,,1,-29.704,0.328,290.411,-26.565,-137.411,0.379,-1
,SPX 13V1660,Oct 1660 Puts,130719,16:00:00,1660,P,131018,0.14,35.17,34.1,36,-0.003,,58,-30.813,0.292,325.244,-24.977,-176.855,0.395,-1
,SPX 13X1660,Dec 1660 Puts,130719,16:00:00,1660,P,131220,0.148,54.06,53.2,54.9,0,,367,-32.761,0.225,428.284,-20.364,-325.722,0.432,-1
,SPX 13G1665,Jul 1665 Calls,130719,16:00:00,1665,C,130719,,27.1,,,,,13693,100,0,0,0,0,,-1
,SPX 13G1665D26,JulW4 1665 Calls,130719,16:00:00,1665,C,130726,0.124,29.44,29.3,30.7,0.012,20,1330,89.646,0.679,66.615,-53.482,29.626,0.825,25.75
,SPX 13H1665D2,AugW1 1665 Calls,130719,16:00:00,1665,C,130802,0.132,33.17,33.2,34.4,0.019,,3155,76.504,0.663,113.499,-51.039,49.337,0.748,-1
,SPX 13H1665D9,AugW2 1665 Calls,130719,16:00:00,1665,C,130809,0.124,35.74,34.9,36.3,-0.007,35,516,73.198,0.599,145.866,-41.117,68.445,0.705,33.6
,SPX 13H1665,Aug 1665 Calls,130719,16:00:00,1665,C,130816,0.122,37.53,36.1,38.5,-0.009,241,4568,70.825,0.567,168.954,-36.748,84.359,0.681,35.5
,SPX 13H1665D23,AugW4 1665 Calls,130719,16:00:00,1665,C,130823,0.126,40.07,39.9,40.9,0.008,,,69.625,0.507,196.303,-34.474,104.552,0.657,-1
,SPX 13I1665,Sep 1665 Calls,130719,16:00:00,1665,C,130920,0.135,49.28,48.5,50.9,0.009,,21665,70.673,0.44,269.865,-29.03,167.74,0.61,-1
,SPX 13L1665,Dec 1665 Calls,130719,16:00:00,1665,C,131220,0.147,71.48,71,73.4,0.01,,612,65.906,0.274,430.418,-20.914,366.809,0.552,-1
,SPX 13S1665,Jul 1665 Puts,130719,16:00:00,1665,P,130719,,0,,,,,11454,0,0,0,0,0,,-1
,SPX 13S1665D26,JulW4 1665 Puts,130719,16:00:00,1665,P,130726,0.105,2.16,2.05,2.2,-0.014,772,27479,-10.005,0.561,60.004,-39.102,-5.794,0.175,2.25
,SPX 13T1665D2,AugW1 1665 Puts,130719,16:00:00,1665,P,130802,0.119,6.2,6.1,6.6,0.026,350,2165,-19.139,0.637,110.057,-44.248,-17.889,0.252,6.5
,SPX 13T1665D9,AugW2 1665 Puts,130719,16:00:00,1665,P,130809,0.119,9.37,9.1,9.7,0.005,56,92,-22.723,0.584,143.711,-39.311,-30.749,0.295,9.75
,SPX 13T1665,Aug 1665 Puts,130719,16:00:00,1665,P,130816,0.122,12.44,11.7,13,-0.006,49,2832,-25.744,0.548,168.599,-37.129,-43.043,0.319,12.8
,SPX 13T1665D23,AugW4 1665 Puts,130719,16:00:00,1665,P,130823,0.124,15.68,15.2,16.1,-0.001,1,1,-27.234,0.49,196.127,-34.033,-59.397,0.343,16
,SPX 13U1665,Sep 1665 Puts,130719,16:00:00,1665,P,130920,0.133,26.96,25.8,27.6,-0.003,40,18278,-30.983,0.371,269.818,-28.559,-119.337,0.39,30.35
,SPX 13X1665,Dec 1665 Puts,130719,16:00:00,1665,P,131220,0.147,55.93,54.9,56.9,-0.001,,585,-33.922,0.231,430.454,-20.298,-335.094,0.448,-1
,SPX 13G1670,Jul 1670 Calls,130719,16:00:00,1670,C,130719,,22.1,,,,,16403,100,0,0,0,0,,-1
,SPX 13G1670D26,JulW4 1670 Calls,130719,16:00:00,1670,C,130726,0.12,25.07,25,26.4,0.022,34,1918,85.664,0.899,74.469,-58.19,28.325,0.776,23.9
,SPX 13H1670D2,AugW1 1670 Calls,130719,16:00:00,1670,C,130802,0.129,29.47,29.6,30.5,0.016,36,1178,72.963,0.733,120.648,-52.737,46.871,0.705,27.7
,SPX 13H1670D9,AugW2 1670 Calls,130719,16:00:00,1670,C,130809,0.12,32.2,31.2,32.3,-0.019,218,114,70.038,0.646,152.162,-41.515,65.262,0.667,28.3
,SPX 13H1670,Aug 1670 Calls,130719,16:00:00,1670,C,130816,0.121,34.12,32.5,35,-0.013,1158,14728,67.859,0.602,174.795,-37.591,80.61,0.646,32
,SPX 13H1670D23,AugW4 1670 Calls,130719,16:00:00,1670,C,130823,0.124,36.72,36.4,37.3,0.004,,,66.979,0.536,201.435,-34.742,100.27,0.626,-1
,SPX 13I1670,Sep 1670 Calls,130719,16:00:00,1670,C,130920,0.134,45.89,45.4,47.6,0.011,445,25327,68.38,0.464,273.222,-29.088,162.495,0.586,44
,SPX 13I1670D30,SepQ 1670 Calls,130719,16:00:00,1670,C,130930,0.135,45.63,48.1,50.5,0.08,,18,63.274,0.398,296.551,-27.167,189.597,0.576,-1
,SPX 13J1670,Oct 1670 Calls,130719,16:00:00,1670,C,131018,0.139,54.1,53.5,55.8,0.01,10,188,66.29,0.37,330.968,-25.511,224.422,0.563,54
,SPX 13L1670,Dec 1670 Calls,130719,16:00:00,1670,C,131220,0.146,68.39,68,70.4,0.012,,218,64.499,0.281,432.234,-20.895,359.291,0.536,-1
,SPX 13S1670,Jul 1670 Puts,130719,16:00:00,1670,P,130719,,0,,,,,12778,0,0,0,0,0,,-1
,SPX 13S1670D26,JulW4 1670 Puts,130719,16:00:00,1670,P,130726,0.102,2.76,2.65,2.9,0.007,1122,3443,-13.308,0.748,69.274,-44.48,-7.279,0.224,2.9
,SPX 13T1670D2,AugW1 1670 Puts,130719,16:00:00,1670,P,130802,0.115,7.27,7.2,7.6,0.019,191,1474,-22.625,0.737,117.8,-46.022,-20.546,0.295,7.65
,SPX 13T1670D9,AugW2 1670 Puts,130719,16:00:00,1670,P,130809,0.117,10.63,10.3,11,0.004,55,129,-25.855,0.651,150.425,-40.355,-34.237,0.333,11.05
,SPX 13T1670,Aug 1670 Puts,130719,16:00:00,1670,P,130816,0.12,13.86,13.1,14.4,-0.007,168,8855,-28.649,0.597,174.391,-37.82,-47.074,0.354,14
,SPX 13T1670D23,AugW4 1670 Puts,130719,16:00:00,1670,P,130823,0.122,17.18,16.7,17.6,-0.002,,1,-29.815,0.527,201.211,-34.393,-64.076,0.374,-1
,SPX 13U1670,Sep 1670 Puts,130719,16:00:00,1670,P,130920,0.131,28.66,27.5,29.3,-0.008,66,22219,-32.909,0.389,273.216,-28.471,-125.523,0.414,29.15
,SPX 13U1670D30,SepQ 1670 Puts,130719,16:00:00,1670,P,130930,0.131,32.08,30.9,32.9,-0.006,,,-33.193,0.359,297.187,-26.471,-150.759,0.424,-1
,SPX 13V1670,Oct 1670 Puts,130719,16:00:00,1670,P,131018,0.137,38.68,37.6,39.5,-0.002,32,496,-33.906,0.316,330.946,-24.897,-191.45,0.437,39.3
,SPX 13X1670,Dec 1670 Puts,130719,16:00:00,1670,P,131220,0.145,57.85,56.6,58.8,-0.003,,1,-35.112,0.238,432.247,-20.143,-344.643,0.464,-1
,SPX 13G1675,Jul 1675 Calls,130719,16:00:00,1675,C,130719,,17.1,,,,,64080,100,0,0,0,0,,-1
,SPX 13G1675D26,JulW4 1675 Calls,130719,16:00:00,1675,C,130726,0.117,20.93,21.3,22.1,0.034,1007,7847,80.47,1.161,82.693,-62.894,26.648,0.719,20.5
,SPX 13H1675D2,AugW1 1675 Calls,130719,16:00:00,1675,C,130802,0.126,25.95,25.9,26.6,0.009,67,4776,69.085,0.801,126.826,-53.743,44.182,0.659,25
,SPX 13H1675D9,AugW2 1675 Calls,130719,16:00:00,1675,C,130809,0.117,28.83,27.6,28.7,-0.029,208,3527,66.652,0.692,157.464,-42.032,61.866,0.628,25.1
,SPX 13H1675,Aug 1675 Calls,130719,16:00:00,1675,C,130816,0.118,30.86,29.1,31.3,-0.024,5423,59190,64.727,0.636,179.627,-37.845,76.662,0.61,28.45
,SPX 13H1675D23,AugW4 1675 Calls,130719,16:00:00,1675,C,130823,0.121,33.51,33,33.9,-0.006,750,2,64.2,0.563,205.642,-34.693,95.785,0.594,30.8
,SPX 13I1675,Sep 1675 Calls,130719,16:00:00,1675,C,130920,0.131,42.62,42.1,44.2,0.01,9632,78394,65.978,0.486,275.95,-28.864,157,0.561,41
,SPX 13I1675D30,SepQ 1675 Calls,130719,16:00:00,1675,C,130930,0.132,42.61,44.9,47.2,0.078,1,5328,61.227,0.411,299.383,-26.897,183.021,0.553,43.55
,SPX 13J1675,Oct 1675 Calls,130719,16:00:00,1675,C,131018,0.138,50.95,50.6,52.6,0.011,1657,5128,64.386,0.383,333.017,-25.391,218.114,0.543,50.2
,SPX 13L1675,Dec 1675 Calls,130719,16:00:00,1675,C,131220,0.145,65.36,65,67.2,0.011,1617,20986,63.06,0.288,433.644,-20.718,351.59,0.52,65
,SPX 13L1675D31,DecQ 1675 Calls,130719,16:00:00,1675,C,131231,0.146,67.95,67.2,70.2,0.011,,266,63.024,0.274,450.119,-20.184,376.44,0.517,-1
,SPX 14C1675,Mar14 1675 Calls,130719,16:00:00,1675,C,140321,0.152,83.28,82.3,85.2,0.005,377,5215,62.318,0.208,545.407,-17.579,537.319,0.504,83
,SPX 14F1675,Jun14 1675 Calls,130719,16:00:00,1675,C,140621,0.155,97.81,96.3,99.5,0,110,4367,61.584,0.17,637.086,-15.583,720.779,0.496,96
,SPX 13S1675,Jul 1675 Puts,130719,16:00:00,1675,P,130719,,0,,,,,63497,0,0,0,0,0,,-1
,SPX 13S1675D26,JulW4 1675 Puts,130719,16:00:00,1675,P,130726,0.097,3.55,3.4,3.7,-0.003,2284,7356,-17.665,0.983,78.919,-48.516,-9.153,0.281,3.4
,SPX 13T1675D2,AugW1 1675 Puts,130719,16:00:00,1675,P,130802,0.113,8.54,8.5,8.8,0.015,817,5710,-26.622,0.843,124.794,-47.655,-23.523,0.341,9
,SPX 13T1675D9,AugW2 1675 Puts,130719,16:00:00,1675,P,130809,0.114,12.05,11.7,12.4,0.002,144,2768,-29.324,0.721,156.263,-40.906,-38.027,0.372,12.4
,SPX 13T1675,Aug 1675 Puts,130719,16:00:00,1675,P,130816,0.118,15.43,14.6,15.9,-0.01,8829,25938,-31.79,0.645,179.295,-38.113,-51.369,0.39,15.7
,SPX 13T1675D23,AugW4 1675 Puts,130719,16:00:00,1675,P,130823,0.121,18.81,18.3,19.2,0.003,502,,-32.578,0.565,205.453,-34.739,-69.013,0.406,21.1
,SPX 13U1675,Sep 1675 Puts,130719,16:00:00,1675,P,130920,0.129,30.46,29.3,31,-0.009,7090,51334,-34.923,0.407,275.956,-28.421,-131.92,0.439,31.2
,SPX 13U1675D30,SepQ 1675 Puts,130719,16:00:00,1675,P,130930,0.13,33.91,32.8,34.8,-0.003,,2076,-35.051,0.375,299.672,-26.387,-157.756,0.447,-1
,SPX 13V1675,Oct 1675 Puts,130719,16:00:00,1675,P,131018,0.135,40.55,39.3,41.3,-0.003,293,3663,-35.537,0.329,333.008,-24.792,-199.044,0.457,42.9
,SPX 13X1675,Dec 1675 Puts,130719,16:00:00,1675,P,131220,0.144,59.83,58.6,60.6,-0.004,126,7546,-36.332,0.245,433.641,-20.038,-354.361,0.48,60
,SPX 13X1675D31,DecQ 1675 Puts,130719,16:00:00,1675,P,131231,0.145,62.99,61.4,64.1,-0.004,,656,-36.369,0.234,450.114,-19.366,-384.327,0.483,-1
,SPX 14O1675,Mar14 1675 Puts,130719,16:00:00,1675,P,140321,0.156,83.94,82.7,85.5,0.002,527,3485,-36.945,0.187,545.352,-16.645,-584.524,0.496,84.4
,SPX 14R1675,Jun14 1675 Puts,130719,16:00:00,1675,P,140621,0.163,105.49,103.4,106.6,-0.004,354,4167,-36.773,0.152,636.875,-14.359,-820.151,0.504,106
,SPX 13G1680,Jul 1680 Calls,130719,16:00:00,1680,C,130719,,12.1,,,,,14580,100,0,0,0,0,,-1
,SPX 13G1680D26,JulW4 1680 Calls,130719,16:00:00,1680,C,130726,0.111,17.09,17.4,18.2,0.038,338,4492,73.902,1.444,90.43,-64.978,24.561,0.656,16.5
,SPX 13H1680D2,AugW1 1680 Calls,130719,16:00:00,1680,C,130802,0.122,22.64,22.3,23.2,0,295,1949,64.883,0.865,131.736,-54.204,41.288,0.61,20.65
,SPX 13H1680D9,AugW2 1680 Calls,130719,16:00:00,1680,C,130809,0.115,25.64,24.2,25.3,-0.041,114,4172,63.054,0.735,161.571,-42.386,58.275,0.587,21.6
,SPX 13H1680,Aug 1680 Calls,130719,16:00:00,1680,C,130816,0.115,27.76,26,27.6,-0.037,53,11741,61.442,0.667,183.301,-37.836,72.535,0.574,25.15
,SPX 13H1680D23,AugW4 1680 Calls,130719,16:00:00,1680,C,130823,0.12,30.43,29.8,30.7,-0.008,189,,61.294,0.589,208.806,-34.909,91.117,0.561,28.9
,SPX 13I1680,Sep 1680 Calls,130719,16:00:00,1680,C,130920,0.13,39.48,39.1,41,0.012,8554,6218,63.472,0.508,277.966,-28.801,151.271,0.536,38.4
,SPX 13I1680D30,SepQ 1680 Calls,130719,16:00:00,1680,C,130930,0.131,39.7,41.9,44.1,0.083,,,59.124,0.423,301.4,-26.871,176.274,0.53,-1
,SPX 13J1680,Oct 1680 Calls,130719,16:00:00,1680,C,131018,0.137,47.9,47.4,49.6,0.011,65,132,62.423,0.395,334.49,-25.233,211.604,0.522,47
,SPX 13L1680,Dec 1680 Calls,130719,16:00:00,1680,C,131220,0.144,62.41,62,64.3,0.01,35,5125,61.592,0.294,434.626,-20.594,343.736,0.504,60.6
,SPX 13S1680,Jul 1680 Puts,130719,16:00:00,1680,P,130719,,0,,,,,8872,0,0,0,0,0,,-1
,SPX 13S1680D26,JulW4 1680 Puts,130719,16:00:00,1680,P,130726,0.092,4.58,4.5,4.7,0.004,2323,14519,-23.311,1.263,88.104,-52.214,-11.478,0.344,4.7
,SPX 13T1680D2,AugW1 1680 Puts,130719,16:00:00,1680,P,130802,0.11,10.02,9.9,10.3,0.01,121,1283,-31.145,0.951,130.592,-48.736,-26.819,0.39,10.5
,SPX 13T1680D9,AugW2 1680 Puts,130719,16:00:00,1680,P,130809,0.111,13.66,13.3,14,0.001,122,809,-33.134,0.79,160.925,-41.304,-42.113,0.413,14.15
,SPX 13T1680,Aug 1680 Puts,130719,16:00:00,1680,P,130816,0.115,17.16,16.3,17.5,-0.014,1084,11060,-35.162,0.692,183.106,-38.154,-55.916,0.426,17.4
,SPX 13T1680D23,AugW4 1680 Puts,130719,16:00:00,1680,P,130823,0.118,20.58,20,20.9,-0.006,194,,-35.52,0.602,208.698,-34.449,-74.197,0.439,20.7
,SPX 13U1680,Sep 1680 Puts,130719,16:00:00,1680,P,130920,0.128,32.37,31.2,33.1,-0.002,8589,5105,-37.023,0.425,277.97,-28.4,-138.521,0.464,35
,SPX 13U1680D30,SepQ 1680 Puts,130719,16:00:00,1680,P,130930,0.128,35.83,34.6,36.6,-0.006,,,-36.983,0.391,301.477,-26.134,-164.959,0.47,-1
,SPX 13V1680,Oct 1680 Puts,130719,16:00:00,1680,P,131018,0.134,42.51,41.3,43.3,-0.002,5,1105,-37.224,0.34,334.489,-24.64,-206.828,0.478,44.55
,SPX 13X1680,Dec 1680 Puts,130719,16:00:00,1680,P,131220,0.144,61.87,60.5,62.8,0,2,464,-37.58,0.25,434.616,-19.983,-364.223,0.496,66.2
,SPX 13G1685,Jul 1685 Calls,130719,16:00:00,1685,C,130719,,7.1,,,,,19591,100,0,0,0,0,,-1
,SPX 13G1685D26,JulW4 1685 Calls,130719,16:00:00,1685,C,130726,0.105,13.61,13.7,14.5,0.032,540,1809,65.955,1.709,96.505,-65.449,22.079,0.59,13
,SPX 13H1685D2,AugW1 1685 Calls,130719,16:00:00,1685,C,130802,0.118,19.55,19,19.7,-0.019,213,1720,60.385,0.924,135.09,-53.531,38.212,0.56,15.7
,SPX 13H1685D9,AugW2 1685 Calls,130719,16:00:00,1685,C,130809,0.113,22.64,21.1,22,-0.054,112,149,59.261,0.774,164.296,-42.318,54.512,0.545,18.9
,SPX 13H1685,Aug 1685 Calls,130719,16:00:00,1685,C,130816,0.113,24.84,22.9,24.4,-0.048,5686,23000,58.02,0.694,185.681,-37.699,68.252,0.536,23.55
,SPX 13H1685D23,AugW4 1685 Calls,130719,16:00:00,1685,C,130823,0.118,27.51,26.7,27.6,-0.017,300,,58.272,0.612,210.818,-34.621,86.284,0.528,25
,SPX 13I1685,Sep 1685 Calls,130719,16:00:00,1685,C,130920,0.129,36.47,36.1,38,0.015,15170,9527,60.873,0.527,279.19,-28.56,145.408,0.511,36
,SPX 13L1685,Dec 1685 Calls,130719,16:00:00,1685,C,131220,0.142,59.53,59.1,61.3,0.011,,3910,60.095,0.301,435.164,-20.454,335.718,0.488,-1
,SPX 13S1685,Jul 1685 Puts,130719,16:00:00,1685,P,130719,,0,,,,,5748,0,0,0,0,0,,-1
,SPX 13S1685D26,JulW4 1685 Puts,130719,16:00:00,1685,P,130726,0.09,5.94,5.9,6.2,0.022,705,1208,-30.443,1.577,95.551,-55.456,-14.289,0.41,6.4
,SPX 13T1685D2,AugW1 1685 Puts,130719,16:00:00,1685,P,130802,0.107,11.73,11.6,12.1,0.012,1141,498,-36.19,1.056,134.7,-49.118,-30.417,0.44,12.2
,SPX 13T1685D9,AugW2 1685 Puts,130719,16:00:00,1685,P,130809,0.109,15.47,15.1,15.9,0.006,136,73,-37.278,0.858,164.098,-41.476,-46.478,0.455,16.8
,SPX 13T1685,Aug 1685 Puts,130719,16:00:00,1685,P,130816,0.114,19.07,18.2,19.7,-0.003,1226,2233,-38.755,0.737,185.623,-38.415,-60.695,0.464,20.3
,SPX 13T1685D23,AugW4 1685 Puts,130719,16:00:00,1685,P,130823,0.116,22.51,21.9,22.9,0,320,,-38.636,0.637,210.79,-34.406,-79.615,0.472,24.4
,SPX 13U1685,Sep 1685 Puts,130719,16:00:00,1685,P,130920,0.127,34.39,33.2,35.1,-0.006,15743,9016,-39.203,0.442,279.19,-28.183,-145.234,0.489,35
,SPX 13X1685,Dec 1685 Puts,130719,16:00:00,1685,P,131220,0.143,63.98,62.9,64.9,0,2000,2,-38.856,0.257,435.156,-19.837,-374.246,0.512,66.1
,SPX 13G1690,Jul 1690 Calls,130719,16:00:00,1690,C,130719,,2.1,,,,,9532,100,0,0,0,0,,-1
,SPX 13G1690D26,JulW4 1690 Calls,130719,16:00:00,1690,C,130726,0.1,10.56,10.6,10.9,0.014,1346,16332,56.862,1.902,99.654,-64.045,19.276,0.52,10
,SPX 13H1690D2,AugW1 1690 Calls,130719,16:00:00,1690,C,130802,0.116,16.7,16,16.7,-0.026,500,2653,55.634,0.971,136.631,-53.479,34.987,0.509,14.7
,SPX 13H1690D9,AugW2 1690 Calls,130719,16:00:00,1690,C,130809,0.111,19.83,18.2,19.1,-0.061,310,472,55.303,0.805,165.471,-42.159,50.609,0.503,18
,SPX 13H1690,Aug 1690 Calls,130719,16:00:00,1690,C,130816,0.111,22.08,20,21.5,-0.062,9373,21515,54.486,0.716,186.65,-37.231,63.849,0.499,19.9
,SPX 13H1690D23,AugW4 1690 Calls,130719,16:00:00,1690,C,130823,0.116,24.75,23.8,24.6,-0.025,10,1,55.151,0.633,211.58,-34.114,81.326,0.495,22.8
,SPX 13I1690,Sep 1690 Calls,130719,16:00:00,1690,C,130920,0.127,33.58,33.3,35.1,0.017,164,3497,58.189,0.544,279.551,-28.247,139.224,0.486,33.25
,SPX 13I1690D30,SepQ 1690 Calls,130719,16:00:00,1690,C,130930,0.129,34.2,36.2,38.2,0.088,,4,54.767,0.444,302.803,-26.413,162.378,0.483,-1
,SPX 13J1690,Oct 1690 Calls,130719,16:00:00,1690,C,131018,0.134,42.1,41.6,43.7,0.012,365,611,58.336,0.418,335.54,-24.798,198.091,0.48,42
,SPX 13L1690,Dec 1690 Calls,130719,16:00:00,1690,C,131220,0.141,56.72,56.2,58.5,0.011,,3190,58.571,0.307,435.236,-20.295,327.54,0.472,-1
,SPX 13S1690,Jul 1690 Puts,130719,16:00:00,1690,P,130719,,0,,,,,1122,0,0,0,0,0,,-1
,SPX 13S1690D26,JulW4 1690 Puts,130719,16:00:00,1690,P,130726,0.085,7.7,7.6,7.9,0.009,1865,1452,-39.142,1.89,99.593,-54.708,-17.576,0.48,8.2
,SPX 13T1690D2,AugW1 1690 Puts,130719,16:00:00,1690,P,130802,0.104,13.72,13.5,13.9,0.001,303,278,-41.719,1.149,136.623,-48.206,-34.284,0.491,14.25
,SPX 13T1690D9,AugW2 1690 Puts,130719,16:00:00,1690,P,130809,0.107,17.5,17.1,17.9,0.002,270,14,-41.733,0.919,165.474,-40.792,-51.092,0.497,18.2
,SPX 13T1690,Aug 1690 Puts,130719,16:00:00,1690,P,130816,0.113,21.17,20.2,21.8,-0.005,3601,451,-42.548,0.776,186.652,-38.017,-65.671,0.501,22.4
,SPX 13T1690D23,AugW4 1690 Puts,130719,16:00:00,1690,P,130823,0.114,24.59,23.9,24.9,-0.005,125,,-41.913,0.67,211.581,-33.848,-85.229,0.505,25.95
,SPX 13U1690,Sep 1690 Puts,130719,16:00:00,1690,P,130920,0.126,36.51,36,37.2,0.004,12,1910,-41.464,0.459,279.552,-28.099,-152.256,0.514,38
,SPX 13U1690D30,SepQ 1690 Puts,130719,16:00:00,1690,P,130930,0.125,39.97,38.6,40.8,-0.007,,,-41.06,0.421,302.816,-25.629,-179.907,0.517,-1
,SPX 13V1690,Oct 1690 Puts,130719,16:00:00,1690,P,131018,0.131,46.69,45.4,47.5,-0.004,262,23,-40.758,0.364,335.539,-24.19,-222.884,0.52,47.2
,SPX 13X1690,Dec 1690 Puts,130719,16:00:00,1690,P,131220,0.141,66.16,65,67.2,-0.001,,110,-40.16,0.263,435.242,-19.67,-384.427,0.528,-1
,SPX 13G1695,Jul 1695 Calls,130719,16:00:00,1695,C,130719,,0,,,,,12980,0,0,0,0,0,,-1
,SPX 13G1695D26,JulW4 1695 Calls,130719,16:00:00,1695,C,130726,0.096,7.99,7.8,8,-0.015,1742,4912,47.137,1.969,98.91,-60.831,16.303,0.45,7.2
,SPX 13H1695D2,AugW1 1695 Calls,130719,16:00:00,1695,C,130802,0.112,14.08,13.2,13.7,-0.047,138,733,50.684,1.008,136.154,-51.62,31.664,0.458,12.9
,SPX 13H1695D9,AugW2 1695 Calls,130719,16:00:00,1695,C,130809,0.109,17.22,15.5,16.2,-0.08,,179,51.21,0.832,164.966,-41.111,46.608,0.461,-1
,SPX 13H1695,Aug 1695 Calls,130719,16:00:00,1695,C,130816,0.11,19.51,17.3,18.8,-0.075,4516,6693,50.861,0.735,186.119,-36.581,59.355,0.462,17.9
,SPX 13H1695D23,AugW4 1695 Calls,130719,16:00:00,1695,C,130823,0.114,22.14,21,21.8,-0.033,,,51.944,0.651,211.013,-33.524,76.249,0.462,-1
,SPX 13I1695,Sep 1695 Calls,130719,16:00:00,1695,C,130920,0.125,30.84,30.5,32.3,0.016,276,198,55.43,0.56,278.987,-27.861,132.929,0.461,29.9
,SPX 13L1695,Dec 1695 Calls,130719,16:00:00,1695,C,131220,0.14,54,53.6,55.7,0.012,,11,57.021,0.313,434.824,-20.119,319.203,0.456,-1
,SPX 13S1695,Jul 1695 Puts,130719,16:00:00,1695,P,130719,,2.9,,,,,693,-100,0,0,0,0,,-1
,SPX 13S1695D26,JulW4 1695 Puts,130719,16:00:00,1695,P,130726,0.082,9.93,9.7,10.5,0.018,289,235,-49.248,2.141,98.442,-52.6,-21.239,0.55,10.4
,SPX 13T1695D2,AugW1 1695 Puts,130719,16:00:00,1695,P,130802,0.102,15.99,15.6,16.3,0.007,22,273,-47.659,1.226,135.913,-47.29,-38.352,0.542,19.1
,SPX 13T1695D9,AugW2 1695 Puts,130719,16:00:00,1695,P,130809,0.105,19.75,19.3,20.2,0.004,78,63,-46.467,0.974,164.771,-39.978,-55.902,0.539,21.35
,SPX 13T1695,Aug 1695 Puts,130719,16:00:00,1695,P,130816,0.111,23.46,22.5,24.1,-0.004,1,530,-46.518,0.812,186.025,-37.283,-70.816,0.538,24.8
,SPX 13T1695D23,AugW4 1695 Puts,130719,16:00:00,1695,P,130823,0.112,26.85,26.1,27.2,-0.007,,,-45.341,0.702,210.935,-33.059,-91.034,0.538,-1
,SPX 13U1695,Sep 1695 Puts,130719,16:00:00,1695,P,130920,0.123,38.75,37.4,39.4,-0.008,120,30,-43.803,0.477,278.994,-27.365,-159.39,0.539,39.4
,SPX 13X1695,Dec 1695 Puts,130719,16:00:00,1695,P,131220,0.14,68.4,67,69.4,-0.003,,2,-41.493,0.27,434.85,-19.41,-394.774,0.544,-1
,SPX 13G1700,Jul 1700 Calls,130719,16:00:00,1700,C,130719,,0,,,,,40869,0,0,0,0,0,,-1
,SPX 13G1700D26,JulW4 1700 Calls,130719,16:00:00,1700,C,130726,0.093,5.9,5.5,5.8,-0.046,1429,4932,37.466,1.888,94.023,-55.581,13.347,0.382,5.25
,SPX 13H1700D2,AugW1 1700 Calls,130719,16:00:00,1700,C,130802,0.111,11.72,10.9,11.2,-0.059,2014,1660,45.603,1.03,133.537,-49.781,28.281,0.408,10.6
,SPX 13H1700D9,AugW2 1700 Calls,130719,16:00:00,1700,C,130809,0.107,14.82,13.1,13.6,-0.105,103,1690,47.019,0.849,162.692,-39.534,42.539,0.419,11.5
,SPX 13H1700,Aug 1700 Calls,130719,16:00:00,1700,C,130816,0.108,17.12,14.8,16.2,-0.096,8086,48184,47.17,0.746,184.032,-35.399,54.805,0.425,14.9
,SPX 13H1700D23,AugW4 1700 Calls,130719,16:00:00,1700,C,130823,0.112,19.69,18.5,19.2,-0.046,1040,1,48.665,0.664,209.06,-32.546,71.096,0.429,17.6
,SPX 13I1700,Sep 1700 Calls,130719,16:00:00,1700,C,130920,0.124,28.23,27.9,29.7,0.018,2000,49986,52.608,0.572,277.448,-27.399,126.507,0.437,27.8
,SPX 13I1700D30,SepQ 1700 Calls,130719,16:00:00,1700,C,130930,0.125,29.14,30.8,32.7,0.087,17,2842,50.236,0.462,300.45,-25.567,148.009,0.438,30.1
,SPX 13J1700,Oct 1700 Calls,130719,16:00:00,1700,C,131018,0.131,36.72,36.3,38.1,0.011,504,2321,54.058,0.438,333.819,-24.101,183.942,0.439,35.75
,SPX 13L1700,Dec 1700 Calls,130719,16:00:00,1700,C,131220,0.139,51.35,51,53.1,0.013,12361,49331,55.448,0.318,433.912,-19.924,310.741,0.44,51.4
,SPX 13L1700D31,DecQ 1700 Calls,130719,16:00:00,1700,C,131231,0.141,53.95,53.4,56.1,0.015,,6670,55.791,0.302,450.379,-19.497,334.685,0.44,-1
,SPX 14C1700,Mar14 1700 Calls,130719,16:00:00,1700,C,140321,0.147,69.46,68.5,71.3,0.004,400,7276,56.858,0.227,545.888,-16.977,490.699,0.441,66.5
,SPX 14F1700,Jun14 1700 Calls,130719,16:00:00,1700,C,140621,0.151,84.26,82.9,85.9,0.001,425,15329,57.172,0.182,638.073,-15.181,669.517,0.442,84
,SPX 13S1700,Jul 1700 Puts,130719,16:00:00,1700,P,130719,,7.9,,,,,8274,-100,0,0,0,0,,-1
,SPX 13S1700D26,JulW4 1700 Puts,130719,16:00:00,1700,P,130726,0.078,12.69,12.2,13.2,0.007,52,148,-60.281,2.259,90.787,-45.587,-25.083,0.618,14.4
,SPX 13T1700D2,AugW1 1700 Puts,130719,16:00:00,1700,P,130802,0.098,18.57,18.1,18.8,-0.004,95,45,-53.901,1.277,132.244,-44.215,-42.553,0.592,19.2
,SPX 13T1700D9,AugW2 1700 Puts,130719,16:00:00,1700,P,130809,0.103,22.25,21.8,22.7,0.006,160,77,-51.428,1.016,161.768,-38.636,-60.864,0.581,25.1
,SPX 13T1700,Aug 1700 Puts,130719,16:00:00,1700,P,130816,0.11,25.95,25.5,26.5,0.003,122,8353,-50.634,0.839,183.611,-36.546,-76.085,0.575,26.4
,SPX 13T1700D23,AugW4 1700 Puts,130719,16:00:00,1700,P,130823,0.11,29.28,28.5,29.6,-0.008,,,-48.904,0.728,208.736,-32.179,-96.984,0.571,-1
,SPX 13U1700,Sep 1700 Puts,130719,16:00:00,1700,P,130920,0.121,41.11,39.7,41.7,-0.009,9,8829,-46.216,0.492,277.463,-26.759,-166.664,0.563,41.5
,SPX 13U1700D30,SepQ 1700 Puts,130719,16:00:00,1700,P,130930,0.122,44.53,43.2,45.4,-0.005,,301,-45.415,0.451,300.768,-24.832,-195.563,0.562,-1
,SPX 13V1700,Oct 1700 Puts,130719,16:00:00,1700,P,131018,0.128,51.23,49.9,52,-0.004,487,3604,-44.505,0.386,333.786,-23.536,-239.619,0.561,52.4
,SPX 13X1700,Dec 1700 Puts,130719,16:00:00,1700,P,131220,0.139,70.7,69.4,71.5,-0.002,400,10502,-42.853,0.276,433.968,-19.199,-405.257,0.56,72.5
,SPX 13X1700D31,DecQ 1700 Puts,130719,16:00:00,1700,P,131231,0.139,73.88,72,74.8,-0.006,,3,-42.596,0.263,450.421,-18.503,-437.046,0.56,-1
,SPX 14O1700,Mar14 1700 Puts,130719,16:00:00,1700,P,140321,0.15,95.14,93.2,96,-0.005,300,1209,-41.857,0.204,546.027,-15.929,-646.403,0.559,97
,SPX 14R1700,Jun14 1700 Puts,130719,16:00:00,1700,P,140621,0.159,116.85,115,118.2,-0.002,,339,-40.733,0.164,638.286,-13.941,-890.835,0.558,-1
,SPX 13G1705,Jul 1705 Calls,130719,16:00:00,1705,C,130719,,0,,,,,9989,0,0,0,0,0,,-1
,SPX 13G1705D26,JulW4 1705 Calls,130719,16:00:00,1705,C,130726,0.089,4.28,3.6,4,-0.117,726,1683,28.563,1.677,85.619,-47.584,10.603,0.318,3.4
,SPX 13H1705D2,AugW1 1705 Calls,130719,16:00:00,1705,C,130802,0.108,9.61,8.7,9,-0.081,162,1504,40.472,1.034,128.75,-46.572,24.901,0.359,8.4
,SPX 13H1705D9,AugW2 1705 Calls,130719,16:00:00,1705,C,130809,0.105,12.62,10.9,11.4,-0.116,,258,42.777,0.858,158.618,-37.829,38.455,0.379,-1
,SPX 13H1705,Aug 1705 Calls,130719,16:00:00,1705,C,130816,0.105,14.92,12.6,13.8,-0.12,236,25564,43.448,0.751,180.373,-33.851,50.243,0.389,11.65
,SPX 13H1705D23,AugW4 1705 Calls,130719,16:00:00,1705,C,130823,0.111,17.41,16.1,16.9,-0.052,,2389,45.341,0.673,205.691,-31.631,65.906,0.397,-1
,SPX 13I1705,Sep 1705 Calls,130719,16:00:00,1705,C,130920,0.122,25.77,25.5,27.1,0.018,1,4502,49.743,0.581,274.901,-26.747,119.991,0.412,24.8
,SPX 13L1705,Dec 1705 Calls,130719,16:00:00,1705,C,131220,0.138,48.78,48.4,50.3,0.012,,32,53.855,0.323,432.49,-19.711,302.168,0.425,-1
,SPX 13S1705,Jul 1705 Puts,130719,16:00:00,1705,P,130719,,12.9,,,,,46,-100,0,0,0,0,,-1
,SPX 13S1705D26,JulW4 1705 Puts,130719,16:00:00,1705,P,130726,0.071,16.01,15.3,16.5,-0.007,,68,-71.389,2.175,76.583,-34.545,-28.808,0.682,-1
,SPX 13T1705D2,AugW1 1705 Puts,130719,16:00:00,1705,P,130802,0.095,21.47,20.7,21.8,-0.01,,13,-60.293,1.294,125.481,-40.377,-46.782,0.641,-1
,SPX 13T1705D9,AugW2 1705 Puts,130719,16:00:00,1705,P,130809,0.1,25,24.4,25.5,0,52,138,-56.544,1.043,156.329,-36.173,-65.9,0.621,26.3
,SPX 13T1705,Aug 1705 Puts,130719,16:00:00,1705,P,130816,0.106,28.65,27.3,29.2,-0.013,7,21,-54.852,0.858,179.327,-34.249,-81.423,0.611,28.9
,SPX 13T1705D23,AugW4 1705 Puts,130719,16:00:00,1705,P,130823,0.108,31.89,31.1,32.2,-0.008,,1,-52.574,0.749,204.898,-31.059,-103.036,0.603,-1
,SPX 13U1705,Sep 1705 Puts,130719,16:00:00,1705,P,130920,0.119,43.6,42.2,44.2,-0.009,,10,-48.693,0.505,274.912,-26.169,-174.058,0.588,-1
,SPX 13X1705,Dec 1705 Puts,130719,16:00:00,1705,P,131220,0.137,73.08,71.8,73.9,-0.003,,1,-44.239,0.282,432.577,-18.966,-415.868,0.575,-1
,SPX 13G1710,Jul 1710 Calls,130719,16:00:00,1710,C,130719,,0,,,,,12528,0,0,0,0,0,,-1
,SPX 13G1710D26,JulW4 1710 Calls,130719,16:00:00,1710,C,130726,0.089,3.07,2.5,2.6,-0.169,2899,1548,20.956,1.385,75.006,-39.919,8.218,0.259,2.5
,SPX 13H1710D2,AugW1 1710 Calls,130719,16:00:00,1710,C,130802,0.107,7.76,6.9,7.2,-0.095,446,1998,35.381,1.02,121.875,-43.046,21.584,0.313,6.5
,SPX 13H1710D9,AugW2 1710 Calls,130719,16:00:00,1710,C,130809,0.103,10.64,8.9,9.4,-0.14,,3090,38.531,0.856,152.771,-35.44,34.405,0.339,-1
,SPX 13H1710,Aug 1710 Calls,130719,16:00:00,1710,C,130816,0.104,12.9,10.5,11.8,-0.137,354,14603,39.727,0.75,175.164,-32.314,45.712,0.353,10.65
,SPX 13H1710D23,AugW4 1710 Calls,130719,16:00:00,1710,C,130823,0.109,15.29,13.9,14.7,-0.068,1,,41.992,0.678,200.902,-30.332,60.713,0.366,13.2
,SPX 13I1710,Sep 1710 Calls,130719,16:00:00,1710,C,130920,0.121,23.45,23.1,24.7,0.017,14,4581,46.851,0.586,271.326,-26.132,113.417,0.388,22.85
,SPX 13I1710D30,SepQ 1710 Calls,130719,16:00:00,1710,C,130930,0.123,24.54,25.9,27.7,0.092,,1956,45.589,0.474,294.154,-24.533,133.397,0.393,-1
,SPX 13J1710,Oct 1710 Calls,130719,16:00:00,1710,C,131018,0.128,31.77,31.2,33,0.01,,1065,49.646,0.451,329.114,-23.324,169.375,0.399,-1
,SPX 13L1710,Dec 1710 Calls,130719,16:00:00,1710,C,131220,0.137,46.29,45.8,47.7,0.01,,40,52.246,0.327,430.545,-19.406,293.499,0.409,-1
,SPX 13S1710,Jul 1710 Puts,130719,16:00:00,1710,P,130719,,17.9,,,,,89,-100,0,0,0,0,,-1
,SPX 13S1710D26,JulW4 1710 Puts,130719,16:00:00,1710,P,130726,0.067,19.85,18.9,20.3,-0.008,32,36,-81.48,1.863,57.683,-23.22,-32.078,0.741,21.6
,SPX 13T1710D2,AugW1 1710 Puts,130719,16:00:00,1710,P,130802,0.094,24.68,24,24.9,-0.002,1,61,-66.655,1.272,115.738,-36.702,-50.926,0.687,28.2
,SPX 13T1710D9,AugW2 1710 Puts,130719,16:00:00,1710,P,130809,0.098,28.01,27.4,28.5,-0.002,,70,-61.732,1.051,148.435,-33.391,-70.928,0.661,-1
,SPX 13T1710,Aug 1710 Puts,130719,16:00:00,1710,P,130816,0.104,31.56,30,32.2,-0.01,7,150,-59.123,0.866,173.152,-32.475,-86.77,0.647,34.25
,SPX 13T1710D23,AugW4 1710 Puts,130719,16:00:00,1710,P,130823,0.106,34.68,33.9,35,-0.007,,,-56.324,0.764,199.373,-29.704,-109.142,0.634,-1
,SPX 13U1710,Sep 1710 Puts,130719,16:00:00,1710,P,130920,0.118,46.2,44.9,47,-0.005,,30,-51.229,0.518,271.302,-25.599,-181.548,0.612,-1
,SPX 13U1710D30,SepQ 1710 Puts,130719,16:00:00,1710,P,130930,0.119,49.54,48.2,50.5,-0.004,,,-50.013,0.476,294.965,-23.843,-211.746,0.607,-1
,SPX 13V1710,Oct 1710 Puts,130719,16:00:00,1710,P,131018,0.125,56.16,54.8,56.8,-0.006,,1,-48.441,0.407,328.957,-22.578,-256.876,0.601,-1
,SPX 13X1710,Dec 1710 Puts,130719,16:00:00,1710,P,131220,0.136,75.52,74.2,76.5,-0.002,,,-45.648,0.287,430.664,-18.711,-426.598,0.591,-1
,SPX 13G1715,Jul 1715 Calls,130719,16:00:00,1715,C,130719,,0,,,,,12162,0,0,0,0,0,,-1
,SPX 13G1715D26,JulW4 1715 Calls,130719,16:00:00,1715,C,130726,0.088,2.2,1.6,1.7,-0.25,1619,1740,14.887,1.073,63.707,-31.463,6.266,0.206,1.6
,SPX 13H1715D2,AugW1 1715 Calls,130719,16:00:00,1715,C,130802,0.105,6.16,5.3,5.6,-0.12,561,1001,30.42,0.987,113.114,-38.593,18.389,0.27,4.9
,SPX 13H1715D9,AugW2 1715 Calls,130719,16:00:00,1715,C,130809,0.102,8.87,7.2,7.7,-0.166,80,533,34.334,0.843,145.247,-32.615,30.438,0.302,6.5
,SPX 13H1715,Aug 1715 Calls,130719,16:00:00,1715,C,130816,0.103,11.06,8.8,9.8,-0.16,1587,7998,36.042,0.742,168.473,-30.285,41.253,0.32,9.1
,SPX 13H1715D23,AugW4 1715 Calls,130719,16:00:00,1715,C,130823,0.107,13.34,11.9,12.6,-0.085,2,3,38.643,0.677,194.721,-28.65,55.559,0.336,11.35
,SPX 13I1715,Sep 1715 Calls,130719,16:00:00,1715,C,130920,0.12,21.27,20.9,22.5,0.02,,2723,43.95,0.588,266.725,-25.444,106.825,0.365,-1
,SPX 13L1715,Dec 1715 Calls,130719,16:00:00,1715,C,131220,0.136,43.88,43.4,45.2,0.01,,11,50.622,0.33,428.071,-19.156,284.749,0.394,-1
,SPX 13S1715,Jul 1715 Puts,130719,16:00:00,1715,P,130719,,22.9,,,,,920,-100,0,0,0,0,,-1
,SPX 13S1715D26,JulW4 1715 Puts,130719,16:00:00,1715,P,130726,0.05,24.15,22.8,24.4,-0.019,23,151,-89.535,1.378,37.687,-5.63,-34.616,0.794,25.8
,SPX 13T1715D2,AugW1 1715 Puts,130719,16:00:00,1715,P,130802,0.091,28.21,27.4,28.5,-0.002,1,123,-72.79,1.209,103.418,-31.888,-54.866,0.73,32.45
,SPX 13T1715D9,AugW2 1715 Puts,130719,16:00:00,1715,P,130809,0.095,31.28,30.6,31.8,-0.003,,54,-66.893,1.038,138.205,-30.375,-75.858,0.698,-1
,SPX 13T1715,Aug 1715 Puts,130719,16:00:00,1715,P,130816,0.103,34.69,33.3,35.6,-0.007,,5,-63.396,0.863,165.134,-30.583,-92.066,0.68,-1
,SPX 13T1715D23,AugW4 1715 Puts,130719,16:00:00,1715,P,130823,0.105,37.66,36.9,38.2,-0.003,,,-60.12,0.772,192.153,-28.289,-115.25,0.664,-1
,SPX 13U1715,Sep 1715 Puts,130719,16:00:00,1715,P,130920,0.116,48.93,47.5,49.6,-0.008,,,-53.813,0.528,266.606,-24.703,-189.109,0.635,-1
,SPX 13X1715,Dec 1715 Puts,130719,16:00:00,1715,P,131220,0.135,78.04,76.7,78.9,-0.003,,,-47.082,0.293,428.214,-18.434,-437.437,0.606,-1
,SPX 13G1720,Jul 1720 Calls,130719,16:00:00,1720,C,130719,,0,,,,,28736,0,0,0,0,0,,-1
,SPX 13G1720D26,JulW4 1720 Calls,130719,16:00:00,1720,C,130726,0.088,1.59,1,1.1,-0.34,1578,1092,10.322,0.788,53.003,-23.889,4.748,0.16,1
,SPX 13H1720D2,AugW1 1720 Calls,130719,16:00:00,1720,C,130802,0.103,4.79,4,4.3,-0.136,400,620,25.684,0.935,102.779,-33.931,15.375,0.23,3.85
,SPX 13H1720D9,AugW2 1720 Calls,130719,16:00:00,1720,C,130809,0.1,7.31,5.7,6.2,-0.19,10,887,30.239,0.819,136.205,-29.658,26.604,0.267,5.4
,SPX 13H1720,Aug 1720 Calls,130719,16:00:00,1720,C,130816,0.101,9.4,7.2,8.2,-0.183,5078,12671,32.426,0.726,160.408,-27.983,36.909,0.287,7.3
,SPX 13H1720D23,AugW4 1720 Calls,130719,16:00:00,1720,C,130823,0.106,11.56,10.2,10.8,-0.099,1,3,35.32,0.672,187.209,-27.088,50.483,0.307,8.8
,SPX 13I1720,Sep 1720 Calls,130719,16:00:00,1720,C,130920,0.118,19.23,18.8,20.4,0.015,5,5580,41.057,0.586,261.117,-24.566,100.253,0.342,17.9
,SPX 13I1720D30,SepQ 1720 Calls,130719,16:00:00,1720,C,130930,0.12,20.4,21.5,23.1,0.09,17,23,40.887,0.479,283.877,-23.209,118.744,0.35,21.05
,SPX 13J1720,Oct 1720 Calls,130719,16:00:00,1720,C,131018,0.126,27.26,26.6,28.3,0.007,,114,45.158,0.458,321.317,-22.279,154.58,0.36,-1
,SPX 13L1720,Dec 1720 Calls,130719,16:00:00,1720,C,131220,0.135,41.55,41,42.9,0.01,,6,48.986,0.333,425.062,-18.887,275.933,0.379,-1
,SPX 13S1720,Jul 1720 Puts,130719,16:00:00,1720,P,130719,,27.9,,,,,23,-100,0,0,0,0,,-1
,SPX 13S1720D26,JulW4 1720 Puts,130719,16:00:00,1720,P,130726,,28.79,27.1,28.9,-0.019,22,58,-95.011,0.85,20.63,-7.843,-36.315,0.84,32.8
,SPX 13T1720D2,AugW1 1720 Puts,130719,16:00:00,1720,P,130802,0.085,32.03,31,32.3,-0.012,,45,-78.498,1.107,89.201,-24.454,-58.49,0.77,-1
,SPX 13T1720D9,AugW2 1720 Puts,130719,16:00:00,1720,P,130809,0.093,34.79,34.1,35.4,-0.001,,2,-71.92,1.002,125.916,-27.021,-80.597,0.733,-1
,SPX 13T1720,Aug 1720 Puts,130719,16:00:00,1720,P,130816,0.102,38.02,36.6,39.1,-0.002,23,101,-67.611,0.848,155.399,-28.634,-97.245,0.713,40
,SPX 13T1720D23,AugW4 1720 Puts,130719,16:00:00,1720,P,130823,0.103,40.83,40.1,41.3,-0.003,,,-63.926,0.772,183.286,-26.514,-121.304,0.693,-1
,SPX 13U1720,Sep 1720 Puts,130719,16:00:00,1720,P,130920,0.115,51.8,50.5,52.7,-0.004,,1392,-56.438,0.537,260.808,-23.951,-196.71,0.658,-1
,SPX 13U1720D30,SepQ 1720 Puts,130719,16:00:00,1720,P,130930,0.116,55.01,53.6,56.2,-0.002,,,-54.808,0.496,285.141,-22.452,-228.283,0.65,-1
,SPX 13V1720,Oct 1720 Puts,130719,16:00:00,1720,P,131018,0.122,61.48,59.9,62.2,-0.007,,10,-52.54,0.424,320.841,-21.406,-274.525,0.64,-1
,SPX 13X1720,Dec 1720 Puts,130719,16:00:00,1720,P,131220,0.134,80.62,79.3,81.7,-0.001,,1,-48.537,0.298,425.215,-18.135,-448.374,0.621,-1
,SPX 13G1725,Jul 1725 Calls,130719,16:00:00,1725,C,130719,,0,,,,,29379,0,0,0,0,0,,-1
,SPX 13G1725D26,JulW4 1725 Calls,130719,16:00:00,1725,C,130726,0.088,1.18,0.6,0.7,-0.449,967,4735,7.04,0.558,43.686,-17.056,3.614,0.122,0.65
,SPX 13H1725D2,AugW1 1725 Calls,130719,16:00:00,1725,C,130802,0.102,3.65,3,3.3,-0.14,219,6413,21.257,0.866,91.283,-29.302,12.593,0.193,2.9
,SPX 13H1725D9,AugW2 1725 Calls,130719,16:00:00,1725,C,130809,0.099,5.94,4.5,4.9,-0.212,172,1472,26.299,0.785,125.872,-26.46,22.953,0.234,4.2
,SPX 13H1725,Aug 1725 Calls,130719,16:00:00,1725,C,130816,0.101,7.92,5.9,7.1,-0.182,6920,30223,28.915,0.703,151.124,-26.062,32.721,0.257,6
,SPX 13H1725D23,AugW4 1725 Calls,130719,16:00:00,1725,C,130823,0.105,9.94,8.6,9.2,-0.111,1,1,32.048,0.66,178.461,-25.357,45.525,0.279,7.6
,SPX 13I1725,Sep 1725 Calls,130719,16:00:00,1725,C,130920,0.117,17.34,16.9,18.3,0.014,2319,45340,38.194,0.58,254.542,-23.742,93.743,0.32,17.2
,SPX 13I1725D30,SepQ 1725 Calls,130719,16:00:00,1725,C,130930,0.118,18.51,19.5,21,0.091,100,5721,38.536,0.479,277.279,-22.443,111.472,0.329,19
,SPX 13J1725,Oct 1725 Calls,130719,16:00:00,1725,C,131018,0.124,25.18,24.4,26.1,-0.001,130,9709,42.906,0.459,316.26,-21.643,147.163,0.341,23.3
,SPX 13L1725,Dec 1725 Calls,130719,16:00:00,1725,C,131220,0.133,39.3,38.8,40.5,0.007,56,24478,47.343,0.336,421.516,-18.525,267.07,0.364,37.7
,SPX 13L1725D31,DecQ 1725 Calls,130719,16:00:00,1725,C,131231,0.135,41.8,41.1,43.5,0.012,,3136,48.089,0.32,438.651,-18.193,290.038,0.367,-1
,SPX 14C1725,Mar14 1725 Calls,130719,16:00:00,1725,C,140321,0.142,57.05,55.6,58.2,-0.003,,9414,51.08,0.241,537.421,-16.082,441.116,0.38,-1
,SPX 14F1725,Jun14 1725 Calls,130719,16:00:00,1725,C,140621,0.148,71.84,70.8,73.7,0.006,,2193,52.546,0.192,631.903,-14.682,615.371,0.39,-1
,SPX 13S1725,Jul 1725 Puts,130719,16:00:00,1725,P,130719,,32.9,,,,,4197,-100,0,0,0,0,,-1
,SPX 13S1725D26,JulW4 1725 Puts,130719,16:00:00,1725,P,130726,,33.63,31.7,33.5,-0.023,20,38,-98.066,0.419,9.079,-3.379,-37.279,0.878,37.6
,SPX 13T1725D2,AugW1 1725 Puts,130719,16:00:00,1725,P,130802,0.08,36.11,34.9,36.3,-0.014,,21,-83.607,0.972,73.99,-17.627,-61.704,0.807,-1
,SPX 13T1725D9,AugW2 1725 Puts,130719,16:00:00,1725,P,130809,0.092,38.55,37.9,39.2,0,,1,-76.702,0.944,111.998,-23.684,-85.053,0.766,-1
,SPX 13T1725,Aug 1725 Puts,130719,16:00:00,1725,P,130816,0.1,41.56,40.2,42.7,-0.002,4,5640,-71.71,0.82,144.153,-26.1,-102.24,0.743,42.3
,SPX 13T1725D23,AugW4 1725 Puts,130719,16:00:00,1725,P,130823,0.101,44.19,43.4,44.7,-0.003,,,-67.7,0.764,172.873,-24.391,-127.243,0.721,-1
,SPX 13U1725,Sep 1725 Puts,130719,16:00:00,1725,P,130920,0.113,54.79,53.3,55.6,-0.006,,3261,-59.091,0.543,253.909,-22.872,-204.322,0.68,-1
,SPX 13U1725D30,SepQ 1725 Puts,130719,16:00:00,1725,P,130930,0.115,57.93,56.5,59.2,-0.001,,,-57.261,0.503,278.678,-21.649,-236.619,0.671,-1
,SPX 13V1725,Oct 1725 Puts,130719,16:00:00,1725,P,131018,0.121,64.29,62.9,65.2,-0.004,,11,-54.639,0.431,315.506,-20.889,-283.448,0.659,-1
,SPX 13X1725,Dec 1725 Puts,130719,16:00:00,1725,P,131220,0.133,83.28,81.8,84.3,-0.003,,2016,-50.012,0.303,421.658,-17.814,-459.399,0.636,-1
,SPX 13X1725D31,DecQ 1725 Puts,130719,16:00:00,1725,P,131231,0.134,86.4,84.5,87.6,-0.004,,2,-49.414,0.288,438.743,-17.221,-493.027,0.633,-1
,SPX 14O1725,Mar14 1725 Puts,130719,16:00:00,1725,P,140321,0.145,107.59,105.6,108.6,-0.005,,75,-47.09,0.219,538.23,-15.132,-711.147,0.62,-1
,SPX 14R1725,Jun14 1725 Puts,130719,16:00:00,1725,P,140621,0.155,129.21,126.9,130.1,-0.005,,1,-44.898,0.173,633.324,-13.328,-964.214,0.61,-1
,SPX 13G1730,Jul 1730 Calls,130719,16:00:00,1730,C,130719,,0,,,,,28910,0,0,0,0,0,,-1
,SPX 13G1730D26,JulW4 1730 Calls,130719,16:00:00,1730,C,130726,0.091,0.89,0.4,0.5,-0.494,1599,771,4.754,0.385,36.065,-13.357,2.791,0.091,0.45
,SPX 13H1730D2,AugW1 1730 Calls,130719,16:00:00,1730,C,130802,0.101,2.73,2.25,2.45,-0.143,70,402,17.216,0.783,79.112,-24.931,10.087,0.161,2.15
,SPX 13H1730D9,AugW2 1730 Calls,130719,16:00:00,1730,C,130809,0.098,4.76,3.5,3.9,-0.225,15,301,22.563,0.74,114.529,-23.594,19.526,0.203,3.5
,SPX 13H1730,Aug 1730 Calls,130719,16:00:00,1730,C,130816,0.098,6.61,4.5,5.4,-0.251,1248,15514,25.542,0.674,140.81,-22.583,28.728,0.228,4.95
,SPX 13H1730D23,AugW4 1730 Calls,130719,16:00:00,1730,C,130823,0.103,8.47,7.2,7.8,-0.115,,,28.855,0.643,168.603,-23.488,40.726,0.252,-1
,SPX 13I1730,Sep 1730 Calls,130719,16:00:00,1730,C,130920,0.116,15.59,15.1,16.4,0.007,209,7613,35.377,0.57,247.06,-22.734,87.334,0.298,14.8
,SPX 13I1730D30,SepQ 1730 Calls,130719,16:00:00,1730,C,130930,0.117,16.73,17.5,19.1,0.094,,131,36.196,0.477,269.75,-21.726,104.274,0.309,-1
,SPX 13J1730,Oct 1730 Calls,130719,16:00:00,1730,C,131018,0.123,23.2,22.5,24.1,0.002,29,27,40.661,0.458,310.45,-21.067,139.769,0.322,22.1
,SPX 13L1730,Dec 1730 Calls,130719,16:00:00,1730,C,131220,0.133,37.14,36.4,38.2,0.004,,1216,45.695,0.337,417.433,-18.22,258.175,0.349,-1
,SPX 13S1730,Jul 1730 Puts,130719,16:00:00,1730,P,130719,,37.9,,,,,20,-100,0,0,0,0,,-1
,SPX 13S1730D26,JulW4 1730 Puts,130719,16:00:00,1730,P,130726,,38.57,36.5,38.2,-0.028,4,69,-99.406,0.156,3.059,-1.355,-37.749,0.909,40
,SPX 13T1730D2,AugW1 1730 Puts,130719,16:00:00,1730,P,130802,0.072,40.43,38.9,40.6,-0.017,,14,-87.986,0.816,58.788,-10.044,-64.447,0.839,-1
,SPX 13T1730D9,AugW2 1730 Puts,130719,16:00:00,1730,P,130809,0.095,42.54,41.9,43.3,0.011,51,60,-81.136,0.866,97.015,-22.142,-89.144,0.797,50.7
,SPX 13T1730,Aug 1730 Puts,130719,16:00:00,1730,P,130816,0.102,45.29,44,46.6,0.007,169,90,-75.633,0.781,131.676,-24.646,-106.991,0.772,52
,SPX 13T1730D23,AugW4 1730 Puts,130719,16:00:00,1730,P,130823,0.1,47.73,47,48.4,-0.001,,,-71.399,0.746,161.076,-22.651,-133.007,0.748,-1
,SPX 13U1730,Sep 1730 Puts,130719,16:00:00,1730,P,130920,0.113,57.91,56.6,59,-0.002,,27,-61.76,0.547,245.925,-22.083,-211.91,0.702,-1
,SPX 13U1730D30,SepQ 1730 Puts,130719,16:00:00,1730,P,130930,0.114,60.96,59.5,62.3,-0.001,,,-59.74,0.509,271.18,-20.894,-244.96,0.691,-1
,SPX 13V1730,Oct 1730 Puts,130719,16:00:00,1730,P,131018,0.12,67.21,65.8,68.2,-0.003,,,-56.765,0.437,309.31,-20.327,-292.407,0.678,-1
,SPX 13X1730,Dec 1730 Puts,130719,16:00:00,1730,P,131220,0.132,86.01,84.6,87.1,-0.002,,,-51.507,0.307,417.534,-17.471,-470.497,0.651,-1
,SPX 13G1735,Jul 1735 Calls,130719,16:00:00,1735,C,130719,,0,,,,,18668,0,0,0,0,0,,-1
,SPX 13G1735D26,JulW4 1735 Calls,130719,16:00:00,1735,C,130726,0.093,0.7,0.25,0.35,-0.571,406,1269,3.186,0.264,30.105,-9.743,2.206,0.066,0.3
,SPX 13H1735D2,AugW1 1735 Calls,130719,16:00:00,1735,C,130802,0.101,1.98,1.65,1.85,-0.121,35,213,13.616,0.69,66.78,-20.716,7.884,0.132,1.6
,SPX 13H1735D9,AugW2 1735 Calls,130719,16:00:00,1735,C,130809,0.098,3.76,2.75,3.1,-0.223,3,262,19.077,0.687,102.501,-20.707,16.363,0.175,2.75
,SPX 13H1735,Aug 1735 Calls,130719,16:00:00,1735,C,130816,0.098,5.46,3.8,4.4,-0.251,107,6499,22.337,0.638,129.689,-20.65,24.964,0.201,3.9
,SPX 13H1735D23,AugW4 1735 Calls,130719,16:00:00,1735,C,130823,0.103,7.16,6.1,6.6,-0.116,224,,25.766,0.621,157.795,-21.696,36.123,0.227,5.9
,SPX 13I1735,Sep 1735 Calls,130719,16:00:00,1735,C,130920,0.114,13.97,13.4,14.7,0.003,1,2229,32.626,0.556,238.749,-21.67,81.065,0.277,13.25
,SPX 13L1735,Dec 1735 Calls,130719,16:00:00,1735,C,131220,0.132,35.05,34.4,36,0.004,,72,44.045,0.338,412.819,-17.898,249.268,0.335,-1
,SPX 13S1735,Jul 1735 Puts,130719,16:00:00,1735,P,130719,,42.9,,,,,47,-100,0,0,0,0,,-1
,SPX 13S1735D26,JulW4 1735 Puts,130719,16:00:00,1735,P,130726,,43.56,41.4,43.1,-0.03,,14,-99.845,0.042,0.737,-0.689,-37.973,0.934,-1
,SPX 13T1735D2,AugW1 1735 Puts,130719,16:00:00,1735,P,130802,,44.95,43.3,45,-0.018,,10,-91.568,0.651,44.562,-12.455,-66.694,0.868,-1
,SPX 13T1735D9,AugW2 1735 Puts,130719,16:00:00,1735,P,130809,0.088,46.73,45.9,47.5,-0.001,,,-85.131,0.77,81.623,-16.257,-92.805,0.825,-1
,SPX 13T1735,Aug 1735 Puts,130719,16:00:00,1735,P,130816,0.098,49.22,48,50.6,0.002,,,-79.324,0.731,118.31,-21.085,-111.441,0.799,-1
,SPX 13T1735D23,AugW4 1735 Puts,130719,16:00:00,1735,P,130823,0.099,51.45,50.7,52.2,0,,,-74.979,0.72,148.118,-20.467,-138.535,0.773,-1
,SPX 13U1735,Sep 1735 Puts,130719,16:00:00,1735,P,130920,0.111,61.16,59.9,62.3,-0.001,,20,-64.432,0.548,236.889,-20.973,-219.44,0.723,-1
,SPX 13X1735,Dec 1735 Puts,130719,16:00:00,1735,P,131220,0.13,88.81,87.2,89.8,-0.003,,1,-53.018,0.312,412.836,-17.031,-481.658,0.665,-1
,SPX 13G1740,Jul 1740 Calls,130719,16:00:00,1740,C,130719,,0,,,,,8521,0,0,0,0,0,,-1
,SPX 13G1740D26,JulW4 1740 Calls,130719,16:00:00,1740,C,130726,0.097,0.58,0.2,0.25,-0.603,269,1590,2.113,0.182,25.595,-8.089,1.795,0.047,0.25
,SPX 13H1740D2,AugW1 1740 Calls,130719,16:00:00,1740,C,130802,0.102,1.41,1.25,1.4,-0.064,87,825,10.496,0.591,54.797,-17.575,6.001,0.107,1.2
,SPX 13H1740D9,AugW2 1740 Calls,130719,16:00:00,1740,C,130809,0.098,2.92,2.1,2.45,-0.223,26,214,15.877,0.627,90.141,-17.884,13.492,0.15,2.2
,SPX 13H1740,Aug 1740 Calls,130719,16:00:00,1740,C,130816,0.097,4.46,3,3.5,-0.271,2508,25619,19.329,0.597,118.006,-18.09,21.458,0.177,3.25
,SPX 13H1740D23,AugW4 1740 Calls,130719,16:00:00,1740,C,130823,0.102,6,5.1,5.5,-0.122,30,8,22.807,0.594,146.222,-19.844,31.751,0.204,4.75
,SPX 13I1740,Sep 1740 Calls,130719,16:00:00,1740,C,130920,0.114,12.48,11.9,13.1,-0.001,10,9200,29.957,0.539,229.702,-20.691,74.973,0.257,11.8
,SPX 13I1740D30,SepQ 1740 Calls,130719,16:00:00,1740,C,130930,0.115,13.51,14.2,15.5,0.099,,305,31.59,0.467,252.092,-20.007,90.216,0.271,-1
,SPX 13J1740,Oct 1740 Calls,130719,16:00:00,1740,C,131018,0.121,19.58,18.8,20.3,-0.004,20,143,36.224,0.451,296.679,-19.811,125.162,0.287,18.8
,SPX 13L1740,Dec 1740 Calls,130719,16:00:00,1740,C,131220,0.13,33.04,32.2,33.9,0,,1186,42.396,0.339,407.679,-17.482,240.365,0.321,-1
,SPX 13S1740,Jul 1740 Puts,130719,16:00:00,1740,P,130719,,47.9,,,,,4,-100,0,0,0,0,,-1
,SPX 13S1740D26,JulW4 1740 Puts,130719,16:00:00,1740,P,130726,,48.56,46.3,48,-0.026,1,2,-99.947,0.007,0.115,-0.542,-38.108,0.953,50
,SPX 13T1740D2,AugW1 1740 Puts,130719,16:00:00,1740,P,130802,,49.62,47.8,49.5,-0.02,,36,-94.353,0.493,32.091,-8.782,-68.461,0.893,-1
,SPX 13T1740D9,AugW2 1740 Puts,130719,16:00:00,1740,P,130809,0.085,51.11,50.2,51.9,-0.001,,,-88.622,0.663,66.511,-12.709,-95.992,0.85,-1
,SPX 13T1740,Aug 1740 Puts,130719,16:00:00,1740,P,130816,0.097,53.31,52,54.8,0.002,,1,-82.737,0.671,104.443,-18.543,-115.543,0.823,-1
,SPX 13T1740D23,AugW4 1740 Puts,130719,16:00:00,1740,P,130823,0.098,55.34,54.7,56.2,0.002,,,-78.397,0.684,134.27,-18.592,-143.771,0.796,-1
,SPX 13U1740,Sep 1740 Puts,130719,16:00:00,1740,P,130920,0.11,64.55,63.3,65.8,0,,21,-67.094,0.545,226.856,-19.93,-226.873,0.743,-1
,SPX 13U1740D30,SepQ 1740 Puts,130719,16:00:00,1740,P,130930,0.111,67.4,65.9,68.9,0,,,-64.734,0.514,253.166,-18.978,-261.527,0.729,-1
,SPX 13V1740,Oct 1740 Puts,130719,16:00:00,1740,P,131018,0.117,73.36,72,74.4,-0.002,20,65,-61.074,0.446,294.346,-18.865,-310.337,0.713,74.1
,SPX 13X1740,Dec 1740 Puts,130719,16:00:00,1740,P,131220,0.13,91.69,90.3,92.8,-0.002,,,-54.545,0.315,407.562,-16.722,-492.866,0.679,-1
,SPX 13G1745,Jul 1745 Calls,130719,16:00:00,1745,C,130719,,0,,,,,5827,0,0,0,0,0,,-1
,SPX 13G1745D26,JulW4 1745 Calls,130719,16:00:00,1745,C,130726,0.101,0.5,0.15,0.2,-0.64,233,456,1.368,0.128,22.271,-6.659,1.509,0.032,0.2
,SPX 13H1745D2,AugW1 1745 Calls,130719,16:00:00,1745,C,130802,0.103,0.97,0.9,1.15,0.052,24,8685,7.866,0.492,43.614,-14.725,4.439,0.086,1
,SPX 13H1745D9,AugW2 1745 Calls,130719,16:00:00,1745,C,130809,0.098,2.23,1.6,1.95,-0.202,,93,12.993,0.561,77.807,-15.417,10.933,0.127,-1
,SPX 13H1745,Aug 1745 Calls,130719,16:00:00,1745,C,130816,0.099,3.61,2.25,3.3,-0.233,155,4247,16.538,0.552,106.021,-16.595,18.233,0.154,2.7
,SPX 13H1745D23,AugW4 1745 Calls,130719,16:00:00,1745,C,130823,0.101,4.98,4.2,4.6,-0.12,19,1,20,0.562,134.09,-17.967,27.641,0.182,3.9
,SPX 13I1745,Sep 1745 Calls,130719,16:00:00,1745,C,130920,0.111,11.13,10.2,11.4,-0.031,4,6185,27.388,0.519,220.028,-19.28,69.09,0.238,10.4
,SPX 13L1745,Dec 1745 Calls,130719,16:00:00,1745,C,131220,0.13,31.12,30.3,32,0.001,,88,40.753,0.338,402.026,-17.127,231.485,0.307,-1
,SPX 13S1745,Jul 1745 Puts,130719,16:00:00,1745,P,130719,,52.9,,,,,,-100,0,0,0,0,,-1
,SPX 13S1745D26,JulW4 1745 Puts,130719,16:00:00,1745,P,130726,,53.56,51.2,52.9,-0.028,,26,-99.962,0.001,0.01,-0.524,-38.221,0.968,-1
,SPX 13T1745D2,AugW1 1745 Puts,130719,16:00:00,1745,P,130802,,54.41,52.5,54.2,-0.019,,14,-96.395,0.349,21.862,-5.91,-69.795,0.914,-1
,SPX 13T1745D9,AugW2 1745 Puts,130719,16:00:00,1745,P,130809,,55.64,54.7,56.4,-0.002,,,-91.57,0.551,52.33,-10.128,-98.69,0.873,-1
,SPX 13T1745,Aug 1745 Puts,130719,16:00:00,1745,P,130816,0.097,57.57,56.5,59.1,0.004,,10,-85.832,0.604,90.485,-16.467,-119.264,0.846,-1
,SPX 13T1745D23,AugW4 1745 Puts,130719,16:00:00,1745,P,130823,0.096,59.39,58.7,60.3,0.002,,,-81.612,0.64,119.852,-16.35,-148.666,0.818,-1
,SPX 13U1745,Sep 1745 Puts,130719,16:00:00,1745,P,130920,0.109,68.06,66.9,69.3,0.001,,2,-69.729,0.54,215.899,-18.702,-234.173,0.762,-1
,SPX 13X1745,Dec 1745 Puts,130719,16:00:00,1745,P,131220,0.129,94.64,93.3,95.8,-0.001,,,-56.085,0.319,401.71,-16.396,-504.107,0.693,-1
,SPX 13G1750,Jul 1750 Calls,130719,16:00:00,1750,C,130719,,0,,,,,30680,0,0,0,0,0,,-1
,SPX 13G1750D26,JulW4 1750 Calls,130719,16:00:00,1750,C,130726,0.108,0.45,0.15,0.2,-0.622,495,1542,0.835,0.094,19.883,-6.412,1.312,0.022,0.15
,SPX 13H1750D2,AugW1 1750 Calls,130719,16:00:00,1750,C,130802,0.104,0.65,0.7,0.85,0.185,403,339,5.719,0.396,33.593,-12.195,3.182,0.068,0.75
,SPX 13H1750D9,AugW2 1750 Calls,130719,16:00:00,1750,C,130809,0.099,1.67,1.3,1.55,-0.15,69,403,10.44,0.493,65.841,-13.329,8.695,0.107,1.35
,SPX 13H1750,Aug 1750 Calls,130719,16:00:00,1750,C,130816,0.098,2.88,1.95,2.4,-0.247,1905,30925,13.983,0.503,93.996,-14.362,15.305,0.134,2.15
,SPX 13H1750D23,AugW4 1750 Calls,130719,16:00:00,1750,C,130823,0.101,4.09,3.4,3.8,-0.122,3004,28,17.366,0.526,121.619,-16.1,23.819,0.161,3.3
,SPX 13I1750,Sep 1750 Calls,130719,16:00:00,1750,C,130920,0.111,9.89,9.2,10.3,-0.016,1426,49577,24.93,0.496,209.845,-18.376,63.445,0.22,9.3
,SPX 13I1750D30,SepQ 1750 Calls,130719,16:00:00,1750,C,130930,0.112,10.74,11.2,12.5,0.101,3,4882,27.143,0.449,231.401,-17.974,76.798,0.235,11.5
,SPX 13J1750,Oct 1750 Calls,130719,16:00:00,1750,C,131018,0.118,16.38,15.5,16.9,-0.014,574,10602,31.917,0.436,280.305,-18.221,110.976,0.253,15.2
,SPX 13L1750,Dec 1750 Calls,130719,16:00:00,1750,C,131220,0.128,29.27,28.4,30,-0.004,9401,63866,39.119,0.337,395.873,-16.677,222.647,0.294,28.15
,SPX 13L1750D31,DecQ 1750 Calls,130719,16:00:00,1750,C,131231,0.131,31.58,30.6,32.8,0.004,,20149,40.235,0.323,414.292,-16.562,244.408,0.299,-1
,SPX 14C1750,Mar14 1750 Calls,130719,16:00:00,1750,C,140321,0.138,46.07,44.6,47,-0.007,120,13424,45.108,0.249,519.395,-15.071,389.778,0.323,45
,SPX 14F1750,Jun14 1750 Calls,130719,16:00:00,1750,C,140621,0.144,60.58,59.4,62.2,0.003,256,14738,47.768,0.2,618.149,-13.994,559.237,0.341,60
,SPX 13S1750,Jul 1750 Puts,130719,16:00:00,1750,P,130719,,57.9,,,,,775,-100,0,0,0,0,,-1
,SPX 13S1750D26,JulW4 1750 Puts,130719,16:00:00,1750,P,130726,,58.56,56.2,57.9,-0.026,,8,-99.964,0,0,-0.524,-38.33,0.978,-1
,SPX 13T1750D2,AugW1 1750 Puts,130719,16:00:00,1750,P,130802,,59.28,57.3,59,-0.019,,33,-97.808,0.236,13.996,-3.806,-70.773,0.932,-1
,SPX 13T1750D9,AugW2 1750 Puts,130719,16:00:00,1750,P,130809,,60.3,59.3,61,-0.002,,,-93.968,0.44,39.623,-7.541,-100.908,0.893,-1
,SPX 13T1750,Aug 1750 Puts,130719,16:00:00,1750,P,130816,,61.96,60.7,63.4,0.001,,4012,-88.582,0.532,76.841,-12.928,-122.582,0.866,-1
,SPX 13T1750D23,AugW4 1750 Puts,130719,16:00:00,1750,P,130823,0.095,63.59,62.9,64.6,0.003,,,-84.587,0.589,105.212,-14.326,-153.177,0.839,-1
,SPX 13U1750,Sep 1750 Puts,130719,16:00:00,1750,P,130920,0.109,71.7,70.6,73.1,0.004,1,8036,-72.322,0.531,204.11,-17.836,-241.302,0.78,75
,SPX 13U1750D30,SepQ 1750 Puts,130719,16:00:00,1750,P,130930,0.109,74.33,72.9,76,0.002,,5,-69.698,0.509,231.42,-16.986,-277.706,0.765,-1
,SPX 13V1750,Oct 1750 Puts,130719,16:00:00,1750,P,131018,0.115,79.93,78.7,81.2,0,,4033,-65.412,0.448,276.07,-17.348,-328.106,0.747,-1
,SPX 13X1750,Dec 1750 Puts,130719,16:00:00,1750,P,131220,0.128,97.67,96.3,98.9,0.001,3001,3062,-57.635,0.322,395.281,-15.972,-515.365,0.706,101
,SPX 13X1750D31,DecQ 1750 Puts,130719,16:00:00,1750,P,131231,0.129,100.65,98.8,102.1,-0.002,,,-56.675,0.307,413.724,-15.534,-550.954,0.701,-1
,SPX 14O1750,Mar14 1750 Puts,130719,16:00:00,1750,P,140321,0.141,121.36,119.2,122.2,-0.005,,178,-52.568,0.23,521.27,-14.028,-777.841,0.677,-1
,SPX 14R1750,Jun14 1750 Puts,130719,16:00:00,1750,P,140621,0.152,142.62,140.3,143.6,-0.005,,1001,-49.226,0.182,621.567,-12.618,-1039.617,0.659,-1
,SPX 13G1755,Jul 1755 Calls,130719,16:00:00,1755,C,130719,,0,,,,,3416,0,0,0,0,0,,-1
,SPX 13G1755D26,JulW4 1755 Calls,130719,16:00:00,1755,C,130726,,0.42,0.1,0.15,,207,200,0.437,0.073,18.22,-13.824,1.179,0.014,0.15
,SPX 13H1755D2,AugW1 1755 Calls,,,1755,C,130802,,0.42,,,,,,4.023,0.307,24.977,-7.711,2.204,0.053,
,SPX 13H1755D9,AugW2 1755 Calls,,,1755,C,130809,,1.23,,,,,,8.228,0.424,54.552,-12.214,6.779,0.09,
,SPX 13H1755,Aug 1755 Calls,130719,16:00:00,1755,C,130816,0.099,2.27,1.4,2.3,-0.185,536,5294,11.675,0.453,82.183,-13.016,12.684,0.115,1.75
,SPX 13H1755D23,AugW4 1755 Calls,130719,16:00:00,1755,C,130823,0.101,3.32,2.85,3.2,-0.087,,2,14.92,0.487,109.039,-14.629,20.304,0.143,-1
,SPX 13I1755,Sep 1755 Calls,130719,16:00:00,1755,C,130920,0.11,8.77,8.1,8.7,-0.043,109,9683,22.597,0.471,199.277,-17.054,58.065,0.202,8.1
,SPX 13S1755,Jul 1755 Puts,130719,16:00:00,1755,P,130719,,62.9,,,,,,-100,0,0,0,0,,-1
,SPX 13S1755D26,JulW4 1755 Puts,130719,16:00:00,1755,P,130726,,63.56,61.1,62.9,-0.025,,,-99.964,0,0,-0.525,-38.44,0.986,-1
,SPX 13T1755D2,AugW1 1755 Puts,,,1755,P,130802,,64.2,,,,,,-98.736,0.15,8.355,-2.37,-71.475,0.947,
,SPX 13T1755D9,AugW2 1755 Puts,,,1755,P,130809,,65.07,,,,,,-95.84,0.336,28.771,-5.42,-102.68,0.91,
,SPX 13T1755,Aug 1755 Puts,130719,16:00:00,1755,P,130816,,66.48,65.5,68.1,0.005,,,-90.974,0.459,63.885,-10.597,-125.491,0.885,-1
,SPX 13T1755D23,AugW4 1755 Puts,130719,16:00:00,1755,P,130823,0.094,67.93,67.3,68.9,0.003,,,-87.294,0.532,90.709,-12.379,-157.274,0.857,-1
,SPX 13U1755,Sep 1755 Puts,130719,16:00:00,1755,P,130920,0.107,75.46,74.4,76.9,0.003,40,130,-74.856,0.519,191.602,-16.4,-248.224,0.798,76.65
,SPX 13G1760,Jul 1760 Calls,130719,16:00:00,1760,C,130719,,0,,,,,6180,0,0,0,0,0,,-1
,SPX 13G1760D26,JulW4 1760 Calls,130719,16:00:00,1760,C,130726,,0.4,0.1,0.15,,100,1525,0.322,0.012,17.018,-13.578,1.086,0.009,0.15
,SPX 13H1760D2,AugW1 1760 Calls,,,1760,C,130802,,0.26,,,,,,2.73,0.23,17.877,-5.351,1.472,0.041,
,SPX 13H1760D9,AugW2 1760 Calls,,,1760,C,130809,,0.88,,,,,,6.35,0.356,44.195,-9.697,5.173,0.074,
,SPX 13H1760,Aug 1760 Calls,130719,16:00:00,1760,C,130816,0.1,1.77,1.05,1.95,-0.158,210,13582,9.619,0.401,70.815,-11.39,10.369,0.099,1.35
,SPX 13H1760D23,AugW4 1760 Calls,130719,16:00:00,1760,C,130823,0.101,2.67,2.3,2.65,-0.079,2,36,12.676,0.445,96.576,-12.861,17.111,0.125,2.25
,SPX 13I1760,Sep 1760 Calls,130719,16:00:00,1760,C,130920,0.11,7.76,7,8.1,-0.03,3,2907,20.396,0.443,188.452,-16.278,52.968,0.186,7.2
,SPX 13I1760D30,SepQ 1760 Calls,130719,16:00:00,1760,C,130930,0.111,8.38,8.8,10,0.117,10,33,22.926,0.424,208.347,-16.05,64.229,0.202,8.5
,SPX 13J1760,Oct 1760 Calls,130719,16:00:00,1760,C,131018,0.116,13.58,12.6,13.9,-0.025,400,467,27.806,0.415,261.759,-16.643,97.417,0.222,13
,SPX 13L1760,Dec 1760 Calls,130719,16:00:00,1760,C,131220,0.127,25.81,24.8,26.3,-0.01,,723,35.889,0.332,382.139,-15.894,205.168,0.268,-1
,SPX 13L1760D31,DecQ 1760 Calls,130719,16:00:00,1760,C,131231,0.129,28.02,27,28.9,-0.002,,20,37.131,0.32,401.175,-15.765,226.347,0.274,-1
,SPX 13S1760,Jul 1760 Puts,130719,16:00:00,1760,P,130719,,67.9,,,,,3,-100,0,0,0,0,,-1
,SPX 13S1760D26,JulW4 1760 Puts,130719,16:00:00,1760,P,130726,,68.56,66.1,67.8,-0.023,,26,-99.964,0,0,-0.527,-38.549,0.991,-1
,SPX 13T1760D2,AugW1 1760 Puts,,,1760,P,130802,,69.16,,,,,,-99.306,0.088,4.615,-1.467,-71.976,0.959,
,SPX 13T1760D9,AugW2 1760 Puts,,,1760,P,130809,,69.91,,,,,,-97.235,0.245,19.945,-3.765,-104.062,0.926,
,SPX 13T1760,Aug 1760 Puts,130719,16:00:00,1760,P,130816,,71.11,69.9,72.6,0.002,,20,-93.007,0.386,51.934,-8.509,-127.999,0.901,-1
,SPX 13T1760D23,AugW4 1760 Puts,130719,16:00:00,1760,P,130823,,72.39,71.7,73.4,0.002,,,-89.71,0.472,76.697,-9.721,-160.94,0.875,-1
,SPX 13U1760,Sep 1760 Puts,130719,16:00:00,1760,P,130920,0.106,79.34,78.3,80.9,0.003,,,-77.317,0.503,178.507,-15.219,-254.901,0.814,-1
,SPX 13U1760D30,SepQ 1760 Puts,130719,16:00:00,1760,P,130930,0.106,81.72,80.3,83.6,0.003,,,-74.53,0.492,206.53,-14.865,-293.207,0.798,-1
,SPX 13V1760,Oct 1760 Puts,130719,16:00:00,1760,P,131018,0.113,86.92,85.7,88.3,0.002,15,15,-69.719,0.444,254.757,-15.706,-345.487,0.778,88.25
,SPX 13X1760,Dec 1760 Puts,130719,16:00:00,1760,P,131220,0.126,103.95,102.7,105.3,0,,,-60.759,0.326,380.718,-15.07,-537.872,0.732,-1
,SPX 13X1760D31,DecQ 1760 Puts,130719,16:00:00,1760,P,131231,0.127,106.84,104.9,108.2,-0.003,,,-59.657,0.312,399.885,-14.707,-574.308,0.726,-1
,SPX 13G1765,Jul 1765 Calls,130719,16:00:00,1765,C,130719,,0,,,,,1693,0,0,0,0,0,,-1
,SPX 13G1765D26,JulW4 1765 Calls,130719,16:00:00,1765,C,130726,,0.39,0.1,0.15,,152,2033,0.268,0.01,15.995,-13.387,1.008,0.006,0.1
,SPX 13H1765D2,AugW1 1765 Calls,,,1765,C,130802,,0.16,,,,,,1.782,0.165,12.281,-3.556,0.945,0.032,
,SPX 13H1765D9,AugW2 1765 Calls,,,1765,C,130809,,0.62,,,,,,4.792,0.293,34.96,-7.509,3.858,0.061,
,SPX 13H1765,Aug 1765 Calls,130719,16:00:00,1765,C,130816,0.098,1.35,0.75,1.4,-0.2,30,1306,7.815,0.35,60.095,-9.043,8.356,0.084,1.15
,SPX 13H1765D23,AugW4 1765 Calls,,,1765,C,130823,,2.12,,,,,,10.643,0.402,84.447,-11.686,14.246,0.11,
,SPX 13I1765,Sep 1765 Calls,130719,16:00:00,1765,C,130920,0.109,6.86,6.1,7.1,-0.041,19,2934,18.336,0.415,177.496,-15.1,48.169,0.17,6.2
,SPX 13S1765,Jul 1765 Puts,130719,16:00:00,1765,P,130719,,72.9,,,,,,-100,0,0,0,0,,-1
,SPX 13S1765D26,JulW4 1765 Puts,130719,16:00:00,1765,P,130726,,73.56,71.1,72.8,-0.022,,18,-99.964,0,0,-0.528,-38.659,0.994,-1
,SPX 13T1765D2,AugW1 1765 Puts,,,1765,P,130802,,74.14,,,,,,-99.63,0.048,2.338,-0.949,-72.344,0.968,
,SPX 13T1765D9,AugW2 1765 Puts,,,1765,P,130809,,74.81,,,,,,-98.233,0.171,13.125,-2.538,-105.122,0.939,
,SPX 13T1765,Aug 1765 Puts,130719,16:00:00,1765,P,130816,,75.83,74.6,77.3,0.003,20,65,-94.687,0.314,41.227,-6.691,-130.127,0.916,77.5
,SPX 13T1765D23,AugW4 1765 Puts,,,1765,P,130823,,76.97,,,,,,-91.824,0.409,63.5,-7.927,-164.169,0.89,
,SPX 13U1765,Sep 1765 Puts,130719,16:00:00,1765,P,130920,0.105,83.34,82.3,84.9,0.003,,61,-79.687,0.484,164.971,-13.894,-261.302,0.83,-1
,SPX 13G1770,Jul 1770 Calls,130719,16:00:00,1770,C,130719,,0,,,,,4201,0,0,0,0,0,,-1
,SPX 13G1770D26,JulW4 1770 Calls,130719,16:00:00,1770,C,130726,,0.38,0.1,0.15,,1110,3662,0.225,0.008,15.113,-13.237,0.942,0.004,0.1
,SPX 13H1770D2,AugW1 1770 Calls,,,1770,C,130802,,0.09,,,,,,1.116,0.114,8.072,-2.256,0.58,0.024,
,SPX 13H1770D9,AugW2 1770 Calls,,,1770,C,130809,,0.43,,,,,,3.53,0.234,26.96,-5.663,2.808,0.05,
,SPX 13H1770,Aug 1770 Calls,130719,16:00:00,1770,C,130816,0.101,1.02,0.55,1.4,-0.039,944,7483,6.255,0.301,50.188,-8.53,6.633,0.071,1
,SPX 13H1770D23,AugW4 1770 Calls,130719,16:00:00,1770,C,130823,0.101,1.66,1.5,1.9,0.024,,22,8.824,0.358,72.849,-10.093,11.708,0.096,-1
,SPX 13I1770,Sep 1770 Calls,130719,16:00:00,1770,C,130920,0.109,6.04,5.3,6.3,-0.04,3,5179,16.419,0.386,166.531,-14.078,43.678,0.156,5.7
,SPX 13J1770,Oct 1770 Calls,130719,16:00:00,1770,C,131018,0.115,11.18,10.2,11.4,-0.037,835,5005,23.95,0.388,241.57,-15.124,84.662,0.194,10.1
,SPX 13L1770,Dec 1770 Calls,130719,16:00:00,1770,C,131220,0.125,22.66,21.6,22.9,-0.018,,868,32.735,0.325,366.653,-14.981,188.069,0.243,-1
,SPX 13S1770,Jul 1770 Puts,130719,16:00:00,1770,P,130719,,77.9,,,,,12,-100,0,0,0,0,,-1
,SPX 13S1770D26,JulW4 1770 Puts,130719,16:00:00,1770,P,130726,,78.56,76.1,77.8,-0.02,,47,-99.964,0,0,-0.53,-38.768,0.996,-1
,SPX 13T1770D2,AugW1 1770 Puts,,,1770,P,130802,,79.13,,,,,,-99.799,0.023,1.076,-0.679,-72.632,0.976,
,SPX 13T1770D9,AugW2 1770 Puts,,,1770,P,130809,,79.75,,,,,,-98.914,0.113,8.152,-1.682,-105.928,0.95,
,SPX 13T1770,Aug 1770 Puts,130719,16:00:00,1770,P,130816,,80.62,79.4,82,0.001,,,-96.042,0.252,31.892,-5.149,-131.913,0.929,-1
,SPX 13T1770D23,AugW4 1770 Puts,130719,16:00:00,1770,P,130823,,81.63,80.9,82.6,0.001,,,-93.634,0.347,51.395,-6.331,-166.969,0.904,-1
,SPX 13U1770,Sep 1770 Puts,130719,16:00:00,1770,P,130920,0.104,87.46,86.5,89.1,0.004,,,-81.953,0.462,151.156,-12.852,-267.396,0.844,-1
,SPX 13V1770,Oct 1770 Puts,130719,16:00:00,1770,P,131018,0.111,94.32,93.2,95.9,0.002,,15,-73.928,0.433,230.853,-13.979,-362.247,0.806,-1
,SPX 13X1770,Dec 1770 Puts,130719,16:00:00,1770,P,131220,0.124,110.54,109.3,112,0.001,,,-63.896,0.328,363.948,-14.185,-560.249,0.757,-1
,SPX 13G1775,Jul 1775 Calls,130719,16:00:00,1775,C,130719,,0,,,,,22968,0,0,0,0,0,,-1
,SPX 13G1775D26,JulW4 1775 Calls,130719,16:00:00,1775,C,130726,,0.37,0.05,0.1,,1728,750,0.19,0.007,14.346,-13.123,0.885,0.002,0.1
,SPX 13H1775D2,AugW1 1775 Calls,130719,16:00:00,1775,C,130802,0.113,0.05,0.2,0.3,,85,4755,0.667,0.075,5.058,-5.36,0.34,0.018,0.2
,SPX 13H1775D9,AugW2 1775 Calls,130719,16:00:00,1775,C,130809,0.107,0.28,0.4,0.7,0.964,,996,2.535,0.183,20.235,-6.951,1.99,0.04,-1
,SPX 13H1775,Aug 1775 Calls,130719,16:00:00,1775,C,130816,0.099,0.76,0.4,1,-0.079,115,16427,4.93,0.254,41.218,-6.72,5.182,0.059,0.75
,SPX 13H1775D23,AugW4 1775 Calls,130719,16:00:00,1775,C,130823,0.101,1.28,1.2,1.6,0.094,,10,7.219,0.314,61.955,-8.924,9.492,0.083,-1
,SPX 13I1775,Sep 1775 Calls,130719,16:00:00,1775,C,130920,0.107,5.32,4.4,5.4,-0.083,30,18298,14.648,0.356,155.671,-12.672,39.5,0.142,4.5
,SPX 13I1775D30,SepQ 1775 Calls,130719,16:00:00,1775,C,130930,0.11,5.57,6.1,7.1,0.185,,2379,17.175,0.375,171.109,-13.437,47.358,0.159,-1
,SPX 13J1775,Oct 1775 Calls,130719,16:00:00,1775,C,131018,0.114,10.11,9.2,10.3,-0.04,50,4643,22.132,0.373,231.043,-14.357,78.634,0.181,9
,SPX 13L1775,Dec 1775 Calls,130719,16:00:00,1775,C,131220,0.124,21.19,20.1,21.4,-0.023,123,56176,31.194,0.32,358.319,-14.466,179.704,0.231,19.8
,SPX 13L1775D31,DecQ 1775 Calls,130719,16:00:00,1775,C,131231,0.126,23.23,22.1,23.9,-0.012,1,2570,32.59,0.311,378.291,-14.521,199.88,0.238,22.05
,SPX 14C1775,Mar14 1775 Calls,130719,16:00:00,1775,C,140321,0.134,36.55,35,37.2,-0.012,,4537,39.087,0.251,491.843,-13.79,338.02,0.27,-1
,SPX 14F1775,Jun14 1775 Calls,130719,16:00:00,1775,C,140621,0.14,50.48,48.7,51.3,-0.01,,1038,42.91,0.204,596.689,-13.011,502.056,0.294,-1
,SPX 13S1775,Jul 1775 Puts,130719,16:00:00,1775,P,130719,,82.9,,,,,12,-100,0,0,0,0,,-1
,SPX 13S1775D26,JulW4 1775 Puts,130719,16:00:00,1775,P,130726,,83.56,81.1,82.8,-0.019,,25,-99.964,0,0,-0.531,-38.878,0.998,-1
,SPX 13T1775D2,AugW1 1775 Puts,130719,16:00:00,1775,P,130802,,84.13,81.8,83.5,-0.018,,15,-99.879,0.01,0.445,-0.554,-72.874,0.982,-1
,SPX 13T1775D9,AugW2 1775 Puts,130719,16:00:00,1775,P,130809,,84.72,83.3,85.1,-0.006,,,-99.351,0.07,4.749,-1.123,-106.544,0.96,-1
,SPX 13T1775,Aug 1775 Puts,130719,16:00:00,1775,P,130816,,85.46,84.5,87.1,0.004,,31,-97.115,0.198,23.988,-3.88,-133.393,0.941,-1
,SPX 13T1775D23,AugW4 1775 Puts,130719,16:00:00,1775,P,130823,,86.38,85.6,87.3,0.001,,,-95.144,0.286,40.59,-4.95,-169.363,0.917,-1
,SPX 13U1775,Sep 1775 Puts,130719,16:00:00,1775,P,130920,0.102,91.67,90.5,93.1,0.002,30,31,-84.1,0.437,137.232,-11.283,-273.156,0.858,93.55
,SPX 13U1775D30,SepQ 1775 Puts,130719,16:00:00,1775,P,130930,0.103,93.67,92.3,95.7,0.004,,,-81.296,0.446,165.236,-11.667,-314.569,0.841,-1
,SPX 13V1775,Oct 1775 Puts,130719,16:00:00,1775,P,131018,0.11,98.17,97.1,99.8,0.003,,2,-75.973,0.424,218.114,-13.154,-370.322,0.819,-1
,SPX 13X1775,Dec 1775 Puts,130719,16:00:00,1775,P,131220,0.123,113.94,112.8,115.5,0.002,,2254,-65.462,0.328,354.774,-13.68,-571.346,0.769,-1
,SPX 13X1775D31,DecQ 1775 Puts,130719,16:00:00,1775,P,131231,0.124,116.68,114.8,118.2,-0.002,,,-64.161,0.315,375.161,-13.355,-609.157,0.762,-1
,SPX 14O1775,Mar14 1775 Puts,130719,16:00:00,1775,P,140321,0.138,136.48,134.5,137.5,-0.003,300,200,-58.196,0.238,494.908,-12.881,-845.452,0.73,138.8
,SPX 14R1775,Jun14 1775 Puts,130719,16:00:00,1775,P,140621,0.149,157.09,155.4,158.6,-0.001,,,-53.672,0.188,602.791,-11.877,-1116.355,0.706,-1
,SPX 13G1780,Jul 1780 Calls,130719,16:00:00,1780,C,130719,,0,,,,,6057,0,0,0,0,0,,-1
,SPX 13G1780D26,JulW4 1780 Calls,130719,16:00:00,1780,C,130726,,0.36,0.05,0.1,,792,860,0.16,0.006,13.675,-13.039,0.836,0.001,0.1
,SPX 13H1780D2,AugW1 1780 Calls,130719,16:00:00,1780,C,130802,0.115,0.03,0.15,0.25,,900,296,0.38,0.047,3.01,-4.53,0.19,0.013,0.2
,SPX 13H1780D9,AugW2 1780 Calls,,,1780,C,130809,,0.19,,,,,,1.771,0.139,14.755,-2.954,1.371,0.032,
,SPX 13H1780,Aug 1780 Calls,130719,16:00:00,1780,C,130816,0.105,0.56,0.3,1.15,0.304,65,28096,3.821,0.211,33.262,-7.056,3.981,0.05,0.75
,SPX 13H1780D23,AugW4 1780 Calls,130719,16:00:00,1780,C,130823,0.102,0.97,1,1.35,0.216,,,5.823,0.272,51.905,-7.992,7.585,0.072,-1
,SPX 13I1780,Sep 1780 Calls,130719,16:00:00,1780,C,130920,0.108,4.68,3.9,4.9,-0.062,10,10021,13.022,0.327,145.019,-11.988,35.635,0.129,4.15
,SPX 13J1780,Oct 1780 Calls,130719,16:00:00,1780,C,131018,0.114,9.12,8.3,9.3,-0.038,285,410,20.395,0.357,220.329,-13.592,72.857,0.168,8.2
,SPX 13L1780,Dec 1780 Calls,130719,16:00:00,1780,C,131220,0.123,19.8,18.6,19.9,-0.028,,825,29.682,0.315,349.633,-14.027,171.484,0.22,-1
,SPX 13S1780,Jul 1780 Puts,130719,16:00:00,1780,P,130719,,87.9,,,,,18,-100,0,0,0,0,,-1
,SPX 13S1780D26,JulW4 1780 Puts,130719,16:00:00,1780,P,130726,,88.56,86.1,87.8,-0.018,,,-99.964,0,0,-0.533,-38.988,0.999,-1
,SPX 13T1780D2,AugW1 1780 Puts,130719,16:00:00,1780,P,130802,,89.13,86.7,88.5,-0.017,,,-99.913,0.004,0.163,-0.503,-73.094,0.987,-1
,SPX 13T1780D9,AugW2 1780 Puts,,,1780,P,130809,,89.7,,,,,,-99.615,0.041,2.576,-0.784,-107.03,0.968,
,SPX 13T1780,Aug 1780 Puts,130719,16:00:00,1780,P,130816,,90.36,89.1,91.7,0,,1,-97.944,0.151,17.508,-2.869,-134.61,0.95,-1
,SPX 13T1780D23,AugW4 1780 Puts,130719,16:00:00,1780,P,130823,,91.19,90.4,92.1,0.001,,,-96.372,0.231,31.208,-3.788,-171.384,0.928,-1
,SPX 13U1780,Sep 1780 Puts,130719,16:00:00,1780,P,130920,,95.99,94.9,97.7,0.003,,1,-86.116,0.41,123.375,-9.629,-278.561,0.871,-1
,SPX 13V1780,Oct 1780 Puts,130719,16:00:00,1780,P,131018,0.108,102.12,101.1,103.8,0.003,,2,-77.966,0.413,204.969,-12.21,-378.156,0.832,-1
,SPX 13X1780,Dec 1780 Puts,130719,16:00:00,1780,P,131220,0.122,117.42,116.3,119,0.002,,2,-67.022,0.328,345.103,-13.162,-582.358,0.78,-1
,SPX 13G1785,Jul 1785 Calls,130719,16:00:00,1785,C,130719,,0,,,,,22196,0,0,0,0,0,,-1
,SPX 13G1785D26,JulW4 1785 Calls,,,1785,C,130726,,0.35,,,,,,0.136,0.005,13.083,-12.98,0.793,0.001,
,SPX 13H1785D2,AugW1 1785 Calls,,,1785,C,130802,,0.01,,,,,,0.205,0.027,1.694,-0.419,0.1,0.009,
,SPX 13H1785D9,AugW2 1785 Calls,130719,16:00:00,1785,C,130809,0.11,0.12,0.25,0.5,,,,1.201,0.102,10.434,-5.334,0.917,0.026,-1
,SPX 13H1785,Aug 1785 Calls,130719,16:00:00,1785,C,130816,,0.4,0.15,1.1,0.575,,1079,2.911,0.172,26.352,-4.425,3.005,0.041,-1
,SPX 13H1785D23,AugW4 1785 Calls,130719,16:00:00,1785,C,130823,0.103,0.73,0.8,1.2,0.37,,,4.627,0.232,42.802,-7.136,5.969,0.061,-1
,SPX 13I1785,Sep 1785 Calls,130719,16:00:00,1785,C,130920,0.107,4.11,3.3,4.3,-0.078,4,3502,11.538,0.298,134.666,-10.937,32.079,0.117,3.65
,SPX 13S1785,Jul 1785 Puts,130719,16:00:00,1785,P,130719,,92.9,,,,,,-100,0,0,0,0,,-1
,SPX 13S1785D26,JulW4 1785 Puts,,,1785,P,130726,,93.56,,,,,,-99.964,0,0,-0.534,-39.097,0.999,
,SPX 13T1785D2,AugW1 1785 Puts,,,1785,P,130802,,94.13,,,,,,-99.926,0.001,0.052,-0.485,-73.305,0.991,
,SPX 13T1785D9,AugW2 1785 Puts,130719,16:00:00,1785,P,130809,,94.69,93.2,95,-0.006,,,-99.763,0.022,1.29,-0.593,-107.431,0.974,-1
,SPX 13T1785,Aug 1785 Puts,130719,16:00:00,1785,P,130816,,95.28,94,96.6,0.001,15,15,-98.565,0.111,12.372,-2.09,-135.608,0.959,97.25
,SPX 13T1785D23,AugW4 1785 Puts,130719,16:00:00,1785,P,130823,,96.05,95.2,96.9,0,,,-97.35,0.181,23.301,-2.838,-173.072,0.939,-1
,SPX 13U1785,Sep 1785 Puts,130719,16:00:00,1785,P,130920,,100.4,99.5,102.1,0.004,,30,-87.99,0.38,109.761,-8.434,-283.594,0.883,-1
,SPX 13G1790,Jul 1790 Calls,130719,16:00:00,1790,C,130719,,0,,,,,6223,0,0,0,0,0,,-1
,SPX 13G1790D26,JulW4 1790 Calls,,,1790,C,130726,,0.35,,,,,,0.115,0.004,12.557,-12.942,0.755,0,
,SPX 13H1790D2,AugW1 1790 Calls,,,1790,C,130802,,0.01,,,,,,0.104,0.015,0.898,-0.212,0.05,0.007,
,SPX 13H1790D9,AugW2 1790 Calls,130719,16:00:00,1790,C,130809,0.113,0.07,0.2,0.5,,,652,0.789,0.072,7.14,-5.019,0.594,0.02,-1
,SPX 13H1790,Aug 1790 Calls,130719,16:00:00,1790,C,130816,0.104,0.28,0.25,0.6,0.536,,1312,2.177,0.138,20.478,-4.758,2.226,0.034,-1
,SPX 13H1790D23,AugW4 1790 Calls,130719,16:00:00,1790,C,130823,0.104,0.54,0.7,1.05,0.63,,,3.619,0.194,34.712,-6.483,4.622,0.053,-1
,SPX 13I1790,Sep 1790 Calls,130719,16:00:00,1790,C,130920,0.107,3.6,2.75,3.7,-0.103,7,8093,10.192,0.271,124.69,-9.936,28.823,0.106,3.35
,SPX 13J1790,Oct 1790 Calls,130719,16:00:00,1790,C,131018,0.113,7.39,6.6,7.6,-0.039,,60,17.173,0.322,198.646,-12.085,62.102,0.144,-1
,SPX 13L1790,Dec 1790 Calls,130719,16:00:00,1790,C,131220,0.122,17.23,16,17.5,-0.028,,4974,26.753,0.302,331.337,-13.132,155.536,0.198,-1
,SPX 13S1790,Jul 1790 Puts,130719,16:00:00,1790,P,130719,,97.9,,,,,,-100,0,0,0,0,,-1
,SPX 13S1790D26,JulW4 1790 Puts,,,1790,P,130726,,98.56,,,,,,-99.964,0,0,-0.536,-39.207,1,
,SPX 13T1790D2,AugW1 1790 Puts,,,1790,P,130802,,99.13,,,,,,-99.93,0,0.014,-0.48,-73.512,0.993,
,SPX 13T1790D9,AugW2 1790 Puts,130719,16:00:00,1790,P,130809,,99.69,98.2,99.9,-0.006,,,-99.839,0.011,0.591,-0.496,-107.782,0.98,-1
,SPX 13T1790,Aug 1790 Puts,130719,16:00:00,1790,P,130816,,100.23,99.2,101.8,0.003,,,-99.016,0.079,8.444,-1.513,-136.429,0.966,-1
,SPX 13T1790D23,AugW4 1790 Puts,130719,16:00:00,1790,P,130823,,100.95,100,101.8,0,,,-98.107,0.138,16.851,-2.087,-174.472,0.947,-1
,SPX 13U1790,Sep 1790 Puts,130719,16:00:00,1790,P,130920,,104.89,104,106.6,0.004,,2,-89.715,0.349,96.564,-7.305,-288.245,0.894,-1
,SPX 13V1790,Oct 1790 Puts,130719,16:00:00,1790,P,131018,0.106,110.28,109.2,112.1,0.003,,,-81.763,0.387,177.871,-10.448,-392.998,0.856,-1
,SPX 13X1790,Dec 1790 Puts,130719,16:00:00,1790,P,131220,0.12,124.6,123.6,126.3,0.003,,,-70.114,0.324,324.371,-12.181,-604.051,0.802,-1
,SPX 13G1795,Jul 1795 Calls,130719,16:00:00,1795,C,130719,,0,,,,,3164,0,0,0,0,0,,-1
,SPX 13G1795D26,JulW4 1795 Calls,,,1795,C,130726,,0.35,,,,,,0.097,0.003,12.089,-12.924,0.722,0,
,SPX 13H1795D2,AugW1 1795 Calls,,,1795,C,130802,,0,,,,,,0.05,0.008,0.446,-0.1,0.023,0.005,
,SPX 13H1795D9,AugW2 1795 Calls,130719,16:00:00,1795,C,130809,0.117,0.04,0.15,0.5,,,,0.502,0.05,4.718,-4.852,0.371,0.016,-1
,SPX 13H1795,Aug 1795 Calls,130719,16:00:00,1795,C,130816,,0.2,0.1,0.95,1.65,28,733,1.598,0.108,15.595,-2.526,1.617,0.028,-1
,SPX 13H1795D23,AugW4 1795 Calls,130719,16:00:00,1795,C,130823,0.106,0.39,0.6,0.95,0.974,,,2.783,0.16,27.659,-5.888,3.518,0.045,-1
,SPX 13I1795,Sep 1795 Calls,130719,16:00:00,1795,C,130920,0.107,3.16,2.4,3.4,-0.082,10,64,8.977,0.244,115.152,-9.247,25.858,0.095,2.8
,SPX 13S1795,Jul 1795 Puts,130719,16:00:00,1795,P,130719,,102.9,,,,,13,-100,0,0,0,0,,-1
,SPX 13S1795D26,JulW4 1795 Puts,,,1795,P,130726,,103.56,,,,,,-99.964,0,0,-0.537,-39.316,1,
,SPX 13T1795D2,AugW1 1795 Puts,,,1795,P,130802,,104.13,,,,,,-99.931,0,0.003,-0.48,-73.718,0.995,
,SPX 13T1795D9,AugW2 1795 Puts,130719,16:00:00,1795,P,130809,,104.69,103.1,104.9,-0.007,,,-99.876,0.005,0.246,-0.451,-108.106,0.984,-1
,SPX 13T1795,Aug 1795 Puts,130719,16:00:00,1795,P,130816,,105.2,103.9,106.5,0,,15,-99.331,0.054,5.552,-1.101,-137.114,0.972,-1
,SPX 13T1795D23,AugW4 1795 Puts,130719,16:00:00,1795,P,130823,,105.89,104.9,106.7,-0.001,,,-98.673,0.102,11.77,-1.515,-175.63,0.955,-1
,SPX 13U1795,Sep 1795 Puts,130719,16:00:00,1795,P,130920,,109.46,108.3,111,0.002,,,-91.284,0.316,83.944,-6.251,-292.51,0.905,-1
,SPX 13G1800,Jul 1800 Calls,130719,16:00:00,1800,C,130719,,0,,,,,35755,0,0,0,0,0,,-1
,SPX 13G1800D26,JulW4 1800 Calls,130719,16:00:00,1800,C,130726,,0.34,0.05,0.1,,16184,7680,0.082,0.003,11.669,-12.922,0.693,0,0.05
,SPX 13H1800D2,AugW1 1800 Calls,130719,16:00:00,1800,C,130802,,0,0.05,0.15,,160,5091,0.022,0.004,0.206,-0.044,0.01,0.003,0.1
,SPX 13H1800D9,AugW2 1800 Calls,130719,16:00:00,1800,C,130809,0.117,0.02,0.1,0.4,,5,3298,0.307,0.033,3.003,-3.871,0.224,0.012,0.25
,SPX 13H1800,Aug 1800 Calls,130719,16:00:00,1800,C,130816,0.11,0.13,0.25,0.5,,1296,18490,1.149,0.083,11.626,-4.325,1.15,0.023,0.45
,SPX 13H1800D23,AugW4 1800 Calls,130719,16:00:00,1800,C,130823,0.108,0.28,0.5,0.85,1.429,,88,2.102,0.129,21.634,-5.461,2.629,0.038,-1
,SPX 13I1800,Sep 1800 Calls,130719,16:00:00,1800,C,130920,0.106,2.78,2,2.85,-0.129,1109,32278,7.888,0.219,106.101,-8.232,23.168,0.086,2.4
,SPX 13I1800D30,SepQ 1800 Calls,130719,16:00:00,1800,C,130930,0.107,2.52,3,3.9,0.365,505,1616,9.51,0.27,109.372,-9.119,25.464,0.102,3.3
,SPX 13J1800,Oct 1800 Calls,130719,16:00:00,1800,C,131018,0.112,5.95,5.2,6.2,-0.045,20,1738,14.304,0.286,177.107,-10.633,52.457,0.123,5.2
,SPX 13L1800,Dec 1800 Calls,130719,16:00:00,1800,C,131220,0.119,14.93,13.4,14.7,-0.06,4170,69944,23.97,0.288,312.05,-11.956,140.332,0.178,13.85
,SPX 13L1800D31,DecQ 1800 Calls,130719,16:00:00,1800,C,131231,0.122,16.64,15.3,16.8,-0.035,,8038,25.509,0.285,333.297,-12.181,158.472,0.185,-1
,SPX 14C1800,Mar14 1800 Calls,130719,16:00:00,1800,C,140321,0.131,28.46,27.2,29.2,-0.009,,18119,33.18,0.247,455.55,-12.469,287.279,0.223,-1
,SPX 14F1800,Jun14 1800 Calls,130719,16:00:00,1800,C,140621,0.137,41.54,40.1,42.5,-0.008,1852,11778,38.052,0.206,567.774,-12.118,444.858,0.252,39
,SPX 13S1800,Jul 1800 Puts,130719,16:00:00,1800,P,130719,,107.9,,,,,13,-100,0,0,0,0,,-1
,SPX 13S1800D26,JulW4 1800 Puts,130719,16:00:00,1800,P,130726,,108.56,106,107.7,-0.016,,18,-99.964,0,0,-0.539,-39.426,1,-1
,SPX 13T1800D2,AugW1 1800 Puts,130719,16:00:00,1800,P,130802,,109.13,106.6,108.3,-0.015,,,-99.932,0,0.001,-0.481,-73.923,0.997,-1
,SPX 13T1800D9,AugW2 1800 Puts,130719,16:00:00,1800,P,130809,,109.69,108.1,109.8,-0.007,,,-99.891,0.002,0.091,-0.433,-108.416,0.988,-1
,SPX 13T1800,Aug 1800 Puts,130719,16:00:00,1800,P,130816,,110.18,108.9,111.4,0,,4,-99.543,0.036,3.506,-0.82,-137.696,0.977,-1
,SPX 13T1800D23,AugW4 1800 Puts,130719,16:00:00,1800,P,130823,,110.84,109.8,111.6,-0.001,,,-99.082,0.072,7.915,-1.095,-176.594,0.962,-1
,SPX 13U1800,Sep 1800 Puts,130719,16:00:00,1800,P,130920,,114.11,113.2,115.8,0.003,,55,-92.694,0.283,72.046,-5.282,-296.39,0.914,-1
,SPX 13U1800D30,SepQ 1800 Puts,130719,16:00:00,1800,P,130930,,115.51,114.2,117.7,0.004,,,-90.462,0.32,95.636,-5.935,-343.263,0.898,-1
,SPX 13V1800,Oct 1800 Puts,130719,16:00:00,1800,P,131018,,118.8,117.8,120.4,0.003,,,-85.252,0.353,150.435,-8.183,-406.593,0.877,-1
,SPX 13X1800,Dec 1800 Puts,130719,16:00:00,1800,P,131220,0.119,132.06,131.2,133.9,0.004,,1229,-73.145,0.318,302.001,-11.171,-625.182,0.822,-1
,SPX 13X1800D31,DecQ 1800 Puts,130719,16:00:00,1800,P,131231,0.12,134.5,133,136.6,0.002,,,-71.578,0.309,324.485,-11.13,-665.626,0.815,-1
,SPX 14O1800,Mar14 1800 Puts,130719,16:00:00,1800,P,140321,0.134,152.94,151.1,154.2,-0.002,,,-63.856,0.24,459.494,-11.418,-912.784,0.777,-1
,SPX 14R1800,Jun14 1800 Puts,130719,16:00:00,1800,P,140621,0.145,172.63,170.4,173.7,-0.003,,20,-58.18,0.192,577.031,-10.798,-1193.641,0.748,-1
,SPX 13G1805D26,JulW4 1805 Calls,,,1805,C,130726,,0.34,,,,,,0.069,0.003,11.291,-12.934,0.666,0,
,SPX 13H1805D2,AugW1 1805 Calls,,,1805,C,130802,,0,,,,,,0.009,0.002,0.088,-0.018,0.004,0.002,
,SPX 13H1805D9,AugW2 1805 Calls,,,1805,C,130809,,0.01,,,,,,0.181,0.021,1.837,-0.318,0.13,0.009,
,SPX 13H1805,Aug 1805 Calls,130719,16:00:00,1805,C,130816,,0.09,0.05,0.85,,,824,0.808,0.062,8.477,-1.32,0.801,0.018,-1
,SPX 13H1805D23,AugW4 1805 Calls,,,1805,C,130823,,0.19,,,,,,1.558,0.103,16.593,-2.008,1.928,0.032,
,SPX 13S1805D26,JulW4 1805 Puts,,,1805,P,130726,,113.56,,,,,,-99.964,0,0,-0.54,-39.535,1,
,SPX 13T1805D2,AugW1 1805 Puts,,,1805,P,130802,,114.13,,,,,,-99.932,0,0,-0.482,-74.129,0.998,
,SPX 13T1805D9,AugW2 1805 Puts,,,1805,P,130809,,114.69,,,,,,-99.897,0.001,0.03,-0.427,-108.721,0.991,
,SPX 13T1805,Aug 1805 Puts,130719,16:00:00,1805,P,130816,,115.17,113.8,116.4,-0.001,,,-99.681,0.023,2.12,-0.636,-138.206,0.982,-1
,SPX 13T1805D23,AugW4 1805 Puts,,,1805,P,130823,,115.82,,,,,,-99.367,0.049,5.106,-0.8,-177.408,0.968,
,SPX 13G1810D26,JulW4 1810 Calls,,,1810,C,130726,,0.34,,,,,,0.058,0.002,10.948,-12.959,0.643,0,
,SPX 13H1810D2,AugW1 1810 Calls,,,1810,C,130802,,0,,,,,,0.004,0.001,0.035,-0.007,0.001,0.002,
,SPX 13H1810D9,AugW2 1810 Calls,,,1810,C,130809,,0.01,,,,,,0.103,0.013,1.077,-0.18,0.072,0.007,
,SPX 13H1810,Aug 1810 Calls,130719,16:00:00,1810,C,130816,,0.06,0.05,0.8,,,720,0.556,0.046,6.038,-0.921,0.545,0.015,-1
,SPX 13H1810D23,AugW4 1810 Calls,130719,16:00:00,1810,C,130823,0.109,0.13,0.35,0.65,,,,1.132,0.08,12.466,-4.303,1.385,0.027,-1
,SPX 13I1810,Sep 1810 Calls,130719,16:00:00,1810,C,130920,0.107,2.14,1.5,2.3,-0.112,6,4564,6.05,0.174,89.582,-6.986,18.555,0.069,1.9
,SPX 13J1810,Oct 1810 Calls,130719,16:00:00,1810,C,131018,0.11,4.76,3.9,4.9,-0.076,,,11.79,0.25,156.237,-9.044,43.938,0.104,-1
,SPX 13S1810D26,JulW4 1810 Puts,,,1810,P,130726,,118.56,,,,,,-99.964,0,0,-0.542,-39.645,1,
,SPX 13T1810D2,AugW1 1810 Puts,,,1810,P,130802,,119.13,,,,,,-99.932,0,0,-0.484,-74.334,0.998,
,SPX 13T1810D9,AugW2 1810 Puts,,,1810,P,130809,,119.69,,,,,,-99.899,0,0.009,-0.426,-109.023,0.993,
,SPX 13T1810,Aug 1810 Puts,130719,16:00:00,1810,P,130816,,120.17,118.8,121.3,-0.001,,,-99.766,0.014,1.224,-0.521,-138.665,0.985,-1
,SPX 13T1810D23,AugW4 1810 Puts,130719,16:00:00,1810,P,130823,,120.8,119.7,121.4,-0.002,,,-99.557,0.032,3.149,-0.602,-178.11,0.973,-1
,SPX 13U1810,Sep 1810 Puts,130719,16:00:00,1810,P,130920,,123.57,122.6,125.2,0.003,,,-95.039,0.218,50.883,-3.619,-303.039,0.931,-1
,SPX 13V1810,Oct 1810 Puts,130719,16:00:00,1810,P,131018,,127.62,126.8,129.5,0.004,,100,-88.377,0.313,123.602,-6.495,-418.801,0.896,-1
,SPX 13G1815D26,JulW4 1815 Calls,,,1815,C,130726,,0.34,,,,,,0.048,0.002,10.637,-12.995,0.621,0,
,SPX 13H1815D2,AugW1 1815 Calls,,,1815,C,130802,,0,,,,,,0.001,0,0.013,-0.002,0.001,0.001,
,SPX 13H1815D9,AugW2 1815 Calls,,,1815,C,130809,,0,,,,,,0.056,0.007,0.603,-0.097,0.038,0.005,
,SPX 13H1815,Aug 1815 Calls,130719,16:00:00,1815,C,130816,0.126,0.04,0.25,0.7,,5,535,0.374,0.033,4.196,-5.234,0.362,0.012,0.25
,SPX 13H1815D23,AugW4 1815 Calls,,,1815,C,130823,,0.09,,,,,,0.806,0.061,9.163,-1.066,0.973,0.022,
,SPX 13S1815D26,JulW4 1815 Puts,,,1815,P,130726,,123.56,,,,,,-99.964,0,0,-0.543,-39.754,1,
,SPX 13T1815D2,AugW1 1815 Puts,,,1815,P,130802,,124.13,,,,,,-99.932,0,0,-0.485,-74.539,0.999,
,SPX 13T1815D9,AugW2 1815 Puts,,,1815,P,130809,,124.69,,,,,,-99.9,0,0.002,-0.427,-109.325,0.995,
,SPX 13T1815,Aug 1815 Puts,130719,16:00:00,1815,P,130816,,125.16,123.7,126.3,-0.001,,1,-99.816,0.008,0.672,-0.454,-139.093,0.988,-1
,SPX 13T1815D23,AugW4 1815 Puts,,,1815,P,130823,,125.79,,,,,,-99.678,0.02,1.848,-0.476,-178.732,0.978,
,SPX 13G1820D26,JulW4 1820 Calls,,,1820,C,130726,,0.34,,,,,,0.039,0.002,10.354,-13.04,0.602,0,
,SPX 13H1820D2,AugW1 1820 Calls,,,1820,C,130802,,0,,,,,,0,0,0.004,-0.001,0,0.001,
,SPX 13H1820D9,AugW2 1820 Calls,,,1820,C,130809,,0,,,,,,0.029,0.004,0.322,-0.05,0.019,0.004,
,SPX 13H1820,Aug 1820 Calls,130719,16:00:00,1820,C,130816,,0.02,0.05,0.75,,41,568,0.245,0.023,2.842,-0.415,0.234,0.009,0.25
,SPX 13H1820D23,AugW4 1820 Calls,130719,16:00:00,1820,C,130823,0.113,0.06,0.2,0.6,,,,0.56,0.045,6.581,-3.72,0.669,0.018,-1
,SPX 13I1820,Sep 1820 Calls,130719,16:00:00,1820,C,130920,0.109,1.66,1.05,1.95,-0.09,1,637,4.609,0.136,75.257,-6.039,14.848,0.055,1.65
,SPX 13J1820,Oct 1820 Calls,130719,16:00:00,1820,C,131018,0.11,3.79,3,4,-0.077,,7,9.624,0.215,136.473,-7.895,36.522,0.088,-1
,SPX 13S1820D26,JulW4 1820 Puts,,,1820,P,130726,,128.56,,,,,,-99.964,0,0,-0.545,-39.864,1,
,SPX 13T1820D2,AugW1 1820 Puts,,,1820,P,130802,,129.13,,,,,,-99.932,0,0,-0.486,-74.745,0.999,
,SPX 13T1820D9,AugW2 1820 Puts,,,1820,P,130809,,129.69,,,,,,-99.9,0,0,-0.428,-109.626,0.996,
,SPX 13T1820,Aug 1820 Puts,130719,16:00:00,1820,P,130816,,130.16,128.7,131.2,-0.002,,2,-99.844,0.004,0.349,-0.416,-139.5,0.991,-1
,SPX 13T1820D23,AugW4 1820 Puts,130719,16:00:00,1820,P,130823,,130.79,129.6,131.3,-0.003,,,-99.751,0.012,1.027,-0.399,-179.302,0.982,-1
,SPX 13U1820,Sep 1820 Puts,130719,16:00:00,1820,P,130920,,133.23,131.9,134.6,0,,,-96.787,0.158,33.736,-2.336,-308.33,0.945,-1
,SPX 13V1820,Oct 1820 Puts,130719,16:00:00,1820,P,131018,,136.72,135.9,138.6,0.004,,,-91.095,0.269,98.294,-4.973,-429.544,0.912,-1
,SPX 13G1825,Jul 1825 Calls,130719,16:00:00,1825,C,130719,,0,,,,,2935,0,0,0,0,0,,-1
,SPX 13G1825D26,JulW4 1825 Calls,130719,16:00:00,1825,C,130726,,0.33,,0.05,,47,11069,0.031,0.002,10.095,-13.095,0.584,0,-1
,SPX 13H1825D2,AugW1 1825 Calls,130719,16:00:00,1825,C,130802,,0,0.05,0.1,,654,6,0,0,0.001,0,0,0,0.05
,SPX 13H1825D9,AugW2 1825 Calls,130719,16:00:00,1825,C,130809,,0,0.05,0.25,,,30,0.014,0.002,0.163,-0.024,0.009,0.003,-1
,SPX 13H1825,Aug 1825 Calls,130719,16:00:00,1825,C,130816,0.123,0.01,0.2,0.3,,49,9584,0.156,0.015,1.874,-3.23,0.148,0.007,0.2
,SPX 13H1825D23,AugW4 1825 Calls,130719,16:00:00,1825,C,130823,0.116,0.04,0.2,0.55,,,,0.381,0.033,4.613,-3.553,0.448,0.015,-1
,SPX 13I1825,Sep 1825 Calls,130719,16:00:00,1825,C,130920,0.109,1.46,0.9,1.8,-0.075,4,18513,4.016,0.12,68.911,-5.626,13.289,0.048,1.25
,SPX 13J1825,Oct 1825 Calls,130719,16:00:00,1825,C,131018,0.11,3.37,2.7,3.7,-0.05,,1036,8.666,0.198,127.112,-7.413,33.211,0.08,-1
,SPX 13L1825,Dec 1825 Calls,130719,16:00:00,1825,C,131220,0.117,10.26,8.8,9.9,-0.09,315,43398,17.748,0.244,261.48,-9.605,106.114,0.134,9.2
,SPX 13L1825D31,DecQ 1825 Calls,130719,16:00:00,1825,C,131231,0.118,11.63,10.3,11.6,-0.058,,7,19.283,0.247,283.176,-9.953,121.817,0.141,-1
,SPX 14C1825,Mar14 1825 Calls,130719,16:00:00,1825,C,140321,0.127,21.72,20.5,22.3,-0.016,4,4902,27.55,0.235,412.049,-10.9,238.972,0.181,20.85
,SPX 14F1825,Jun14 1825 Calls,130719,16:00:00,1825,C,140621,0.133,33.74,32,34.1,-0.02,,3194,33.28,0.203,532.049,-10.958,388.714,0.213,-1
,SPX 13S1825,Jul 1825 Puts,130719,16:00:00,1825,P,130719,,132.9,,,,,,-100,0,0,0,0,,-1
,SPX 13S1825D26,JulW4 1825 Puts,130719,16:00:00,1825,P,130726,,133.56,131,132.7,-0.013,,41,-99.964,0,0,-0.546,-39.973,1,-1
,SPX 13T1825D2,AugW1 1825 Puts,130719,16:00:00,1825,P,130802,,134.13,131.5,133.3,-0.013,,25,-99.932,0,0,-0.488,-74.95,1,-1
,SPX 13T1825D9,AugW2 1825 Puts,130719,16:00:00,1825,P,130809,,134.69,133,134.7,-0.006,,,-99.9,0,0,-0.429,-109.927,0.997,-1
,SPX 13T1825,Aug 1825 Puts,130719,16:00:00,1825,P,130816,,135.16,133.7,136.2,-0.002,,,-99.859,0.002,0.171,-0.397,-139.896,0.993,-1
,SPX 13T1825D23,AugW4 1825 Puts,130719,16:00:00,1825,P,130823,,135.78,134.5,136.3,-0.003,,,-99.793,0.006,0.538,-0.356,-179.837,0.985,-1
,SPX 13U1825,Sep 1825 Puts,130719,16:00:00,1825,P,130920,,138.11,137,139.6,0.001,,,-97.457,0.131,26.748,-1.833,-310.529,0.952,-1
,SPX 13V1825,Oct 1825 Puts,130719,16:00:00,1825,P,131018,,141.36,140.5,143.2,0.003,,,-92.293,0.247,86.477,-4.285,-434.36,0.92,-1
,SPX 13X1825,Dec 1825 Puts,130719,16:00:00,1825,P,131220,0.115,151.94,151.3,154.1,0.005,,,-80.283,0.29,241.018,-8.648,-674.63,0.866,-1
,SPX 13X1825D31,DecQ 1825 Puts,130719,16:00:00,1825,P,131231,0.116,154.02,152.8,156.5,0.004,,,-78.576,0.288,265.045,-8.788,-718.221,0.859,-1
,SPX 14O1825,Mar14 1825 Puts,130719,16:00:00,1825,P,140321,0.13,170.73,169.2,172.3,0,,,-69.414,0.236,416.049,-9.88,-978.552,0.819,-1
,SPX 14R1825,Jun14 1825 Puts,130719,16:00:00,1825,P,140621,0.143,189.22,187.6,190.9,0,,,-62.688,0.194,544.62,-9.832,-1270.621,0.787,-1
,SPX 13G1830D26,JulW4 1830 Calls,,,1830,C,130726,,0.33,,,,,,0.025,0.001,9.857,-13.158,0.568,0,
,SPX 13H1830D2,AugW1 1830 Calls,,,1830,C,130802,,0,,,,,,0,0,0,0,0,0,
,SPX 13H1830D9,AugW2 1830 Calls,,,1830,C,130809,,0,,,,,,0.007,0.001,0.078,-0.011,0.004,0.002,
,SPX 13H1830,Aug 1830 Calls,130719,16:00:00,1830,C,130816,,0.01,0.05,0.4,,,921,0.097,0.01,1.201,-0.167,0.091,0.006,-1
,SPX 13H1830D23,AugW4 1830 Calls,130719,16:00:00,1830,C,130823,0.117,0.02,0.15,0.5,,,,0.252,0.023,3.151,-3.237,0.293,0.013,-1
,SPX 13I1830,Sep 1830 Calls,130719,16:00:00,1830,C,130920,0.11,1.29,0.8,1.65,-0.047,,392,3.497,0.105,63.088,-5.251,11.904,0.043,-1
,SPX 13S1830D26,JulW4 1830 Puts,,,1830,P,130726,,138.56,,,,,,-99.964,0,0,-0.548,-40.083,1,
,SPX 13T1830D2,AugW1 1830 Puts,,,1830,P,130802,,139.13,,,,,,-99.932,0,0,-0.489,-75.155,1,
,SPX 13T1830D9,AugW2 1830 Puts,,,1830,P,130809,,139.69,,,,,,-99.9,0,0,-0.43,-110.228,0.998,
,SPX 13T1830,Aug 1830 Puts,130719,16:00:00,1830,P,130816,,140.16,138.9,141.4,0,,,-99.867,0.001,0.079,-0.388,-140.286,0.994,-1
,SPX 13T1830D23,AugW4 1830 Puts,130719,16:00:00,1830,P,130823,,140.78,139.5,141.2,-0.003,,,-99.816,0.003,0.264,-0.333,-180.353,0.987,-1
,SPX 13U1830,Sep 1830 Puts,130719,16:00:00,1830,P,130920,,143.02,141.6,144.2,-0.001,,,-98.008,0.107,20.797,-1.415,-312.47,0.957,-1
,SPX 13G1840D26,JulW4 1840 Calls,,,1840,C,130726,,0.33,,,,,,0.013,0.001,9.435,-13.303,0.54,0,
,SPX 13H1840D2,AugW1 1840 Calls,,,1840,C,130802,,0,,,,,,0,0,0,0,0,0,
,SPX 13H1840D9,AugW2 1840 Calls,,,1840,C,130809,,0,,,,,,0.001,0,0.015,-0.002,0.001,0.001,
,SPX 13H1840,Aug 1840 Calls,130719,16:00:00,1840,C,130816,,0,,0.3,,,1182,0.034,0.004,0.45,-0.059,0.031,0.003,-1
,SPX 13H1840D23,AugW4 1840 Calls,,,1840,C,130823,,0.01,,,,,,0.102,0.011,1.353,-0.14,0.115,0.008,
,SPX 13I1840,Sep 1840 Calls,130719,16:00:00,1840,C,130920,0.111,1.02,0.5,1.4,-0.069,500,504,2.647,0.08,52.923,-4.333,9.589,0.033,0.85
,SPX 13S1840D26,JulW4 1840 Puts,,,1840,P,130726,,148.56,,,,,,-99.964,0,0,-0.551,-40.302,1,
,SPX 13T1840D2,AugW1 1840 Puts,,,1840,P,130802,,149.13,,,,,,-99.932,0,0,-0.492,-75.566,1,
,SPX 13T1840D9,AugW2 1840 Puts,,,1840,P,130809,,149.69,,,,,,-99.9,0,0,-0.432,-110.831,0.999,
,SPX 13T1840,Aug 1840 Puts,130719,16:00:00,1840,P,130816,,150.16,148.6,151.1,-0.002,,,-99.872,0,0.014,-0.383,-141.056,0.997,-1
,SPX 13T1840D23,AugW4 1840 Puts,,,1840,P,130823,,150.78,,,,,,-99.833,0.001,0.051,-0.318,-181.354,0.992,
,SPX 13U1840,Sep 1840 Puts,130719,16:00:00,1840,P,130920,,152.9,151.4,154,-0.001,,,-98.798,0.066,11.787,-0.806,-315.709,0.967,-1
,SPX 13G1850,Jul 1850 Calls,130719,16:00:00,1850,C,130719,,0,,,,,5965,0,0,0,0,0,,-1
,SPX 13G1850D26,JulW4 1850 Calls,130719,16:00:00,1850,C,130726,,0.34,,0.05,,,5968,0.004,0.001,9.075,-13.471,0.516,0,-1
,SPX 13H1850D2,AugW1 1850 Calls,130719,16:00:00,1850,C,130802,,0,,0.05,,3,2457,0,0,0,0,0,0,-1
,SPX 13H1850D9,AugW2 1850 Calls,130719,16:00:00,1850,C,130809,,0,,0.1,,5,103,0,0,0.002,0,0,0.001,-1
,SPX 13H1850,Aug 1850 Calls,130719,16:00:00,1850,C,130816,,0,0.1,0.2,,50,10690,0.011,0.001,0.148,-0.018,0.009,0.002,0.2
,SPX 13H1850D23,AugW4 1850 Calls,130719,16:00:00,1850,C,130823,,0,0.05,0.45,,,2390,0.037,0.004,0.514,-0.051,0.04,0.005,-1
,SPX 13I1850,Sep 1850 Calls,130719,16:00:00,1850,C,130920,0.113,0.81,0.35,1.2,-0.037,1000,7347,2.003,0.061,44.547,-3.829,7.779,0.026,0.9
,SPX 13I1850D30,SepQ 1850 Calls,130719,16:00:00,1850,C,130930,0.11,0.3,0.65,1.45,2.5,1000,380,1.708,0.08,25.4,-4.074,4.266,0.035,1
,SPX 13J1850,Oct 1850 Calls,130719,16:00:00,1850,C,131018,0.112,1.87,1.5,2.3,0.016,,608,4.98,0.125,86.551,-5.289,20.23,0.05,-1
,SPX 13L1850,Dec 1850 Calls,130719,16:00:00,1850,C,131220,0.115,6.89,5.6,6.8,-0.1,,60656,12.683,0.196,211.227,-7.505,77.889,0.098,-1
,SPX 13L1850D31,DecQ 1850 Calls,130719,16:00:00,1850,C,131231,0.116,7.94,6.9,7.9,-0.068,,5979,14.087,0.204,232.211,-7.919,90.916,0.105,-1
,SPX 14C1850,Mar14 1850 Calls,130719,16:00:00,1850,C,140321,0.124,16.24,15,16.5,-0.03,1100,16752,22.347,0.216,363.498,-9.279,194.362,0.146,15.8
,SPX 14F1850,Jun14 1850 Calls,130719,16:00:00,1850,C,140621,0.132,27.02,25.7,27.7,-0.012,,11663,28.679,0.196,490.54,-9.965,334.672,0.179,-1
,SPX 13S1850,Jul 1850 Puts,130719,16:00:00,1850,P,130719,,157.9,,,,,,-100,0,0,0,0,,-1
,SPX 13S1850D26,JulW4 1850 Puts,130719,16:00:00,1850,P,130726,,158.56,156,157.7,-0.011,,22,-99.964,0,0,-0.554,-40.521,1,-1
,SPX 13T1850D2,AugW1 1850 Puts,130719,16:00:00,1850,P,130802,,159.13,156.5,158.2,-0.011,,27,-99.932,0,0,-0.494,-75.977,1,-1
,SPX 13T1850D9,AugW2 1850 Puts,130719,16:00:00,1850,P,130809,,159.69,157.9,159.6,-0.006,,,-99.9,0,0,-0.435,-111.433,0.999,-1
,SPX 13T1850,Aug 1850 Puts,130719,16:00:00,1850,P,130816,,160.16,158.8,161.3,-0.001,,,-99.873,0,0.002,-0.384,-141.823,0.998,-1
,SPX 13T1850D23,AugW4 1850 Puts,130719,16:00:00,1850,P,130823,,160.78,159.4,161.1,-0.003,,,-99.836,0,0.007,-0.316,-182.343,0.995,-1
,SPX 13U1850,Sep 1850 Puts,130719,16:00:00,1850,P,130920,,162.84,161.2,163.8,-0.002,,,-99.267,0.037,6.061,-0.438,-318.303,0.974,-1
,SPX 13U1850D30,SepQ 1850 Puts,130719,16:00:00,1850,P,130930,,163.68,161.7,165.3,-0.001,,,-98.806,0.062,11.647,-0.581,-373.036,0.965,-1
,SPX 13V1850,Oct 1850 Puts,130719,16:00:00,1850,P,131018,,165.25,164,166.6,0,,4,-96.673,0.136,38.843,-1.676,-453.183,0.95,-1
,SPX 13X1850,Dec 1850 Puts,130719,16:00:00,1850,P,131220,,173.37,173,175.8,0.006,,2064,-86.48,0.246,177.772,-5.467,-717.75,0.902,-1
,SPX 13X1850D31,DecQ 1850 Puts,130719,16:00:00,1850,P,131231,,175.08,174.1,177.8,0.005,,,-84.798,0.25,201.963,-5.832,-764.991,0.895,-1
,SPX 14O1850,Mar14 1850 Puts,130719,16:00:00,1850,P,140321,0.128,189.78,188.5,191.6,0.002,1200,1000,-74.726,0.225,366.285,-8.408,-1041.469,0.854,194.2
,SPX 14R1850,Jun14 1850 Puts,130719,16:00:00,1850,P,140621,0.14,206.86,205.7,209,0.002,,300,-67.128,0.192,506.204,-8.791,-1346.404,0.821,-1
,SPX 13G1860D26,JulW4 1860 Calls,,,1860,C,130726,,0.34,,,,,,0,0.001,8.763,-13.659,0.495,0,
,SPX 13H1860D2,AugW1 1860 Calls,,,1860,C,130802,,0,,,,,,0,0,0,0,0,0,
,SPX 13H1860D9,AugW2 1860 Calls,,,1860,C,130809,,0,,,,,,0,0,0,0,0,0,
,SPX 13H1860,Aug 1860 Calls,130719,16:00:00,1860,C,130816,,0,,0.2,,,1173,0.003,0,0.042,-0.005,0.002,0.001,-1
,SPX 13H1860D23,AugW4 1860 Calls,,,1860,C,130823,,0,,,,,,0.011,0.002,0.17,-0.016,0.012,0.004,
,SPX 13I1860,Sep 1860 Calls,130719,16:00:00,1860,C,130920,,0.66,0.2,1.1,-0.015,,8,1.518,0.046,37.716,-3.349,6.372,0.02,-1
,SPX 13S1860D26,JulW4 1860 Puts,,,1860,P,130726,,168.56,,,,,,-99.964,0,0,-0.557,-40.74,1,
,SPX 13T1860D2,AugW1 1860 Puts,,,1860,P,130802,,169.13,,,,,,-99.932,0,0,-0.497,-76.388,1,
,SPX 13T1860D9,AugW2 1860 Puts,,,1860,P,130809,,169.69,,,,,,-99.9,0,0,-0.437,-112.035,1,
,SPX 13T1860,Aug 1860 Puts,130719,16:00:00,1860,P,130816,,170.16,168.8,171.3,-0.001,,,-99.873,0,0,-0.386,-142.59,0.999,-1
,SPX 13T1860D23,AugW4 1860 Puts,,,1860,P,130823,,170.78,,,,,,-99.836,0,0.001,-0.317,-183.329,0.996,
,SPX 13U1860,Sep 1860 Puts,130719,16:00:00,1860,P,130920,,172.82,171.1,173.7,-0.002,,,-99.519,0.019,2.783,-0.24,-320.477,0.98,-1
,SPX 13G1870D26,JulW4 1870 Calls,,,1870,C,130726,,0.34,,,,,,0,0.001,8.491,-13.862,0.477,0,
,SPX 13H1870D2,AugW1 1870 Calls,,,1870,C,130802,,0,,,,,,0,0,0,0,0,0,
,SPX 13H1870D9,AugW2 1870 Calls,,,1870,C,130809,,0,,,,,,0,0,0,0,0,0,
,SPX 13H1870,Aug 1870 Calls,130719,16:00:00,1870,C,130816,,0,,0.2,,,881,0.001,0,0.01,-0.001,0.001,0.001,-1
,SPX 13H1870D23,AugW4 1870 Calls,,,1870,C,130823,,0,,,,,,0.003,0,0.048,-0.004,0.003,0.002,
,SPX 13I1870,Sep 1870 Calls,130719,16:00:00,1870,C,130920,,0.54,0.15,1,0.056,,12,1.153,0.035,32.189,-2.897,5.28,0.015,-1
,SPX 13S1870D26,JulW4 1870 Puts,,,1870,P,130726,,178.56,,,,,,-99.964,0,0,-0.56,-40.959,1,
,SPX 13T1870D2,AugW1 1870 Puts,,,1870,P,130802,,179.13,,,,,,-99.932,0,0,-0.5,-76.798,1,
,SPX 13T1870D9,AugW2 1870 Puts,,,1870,P,130809,,179.69,,,,,,-99.9,0,0,-0.44,-112.638,1,
,SPX 13T1870,Aug 1870 Puts,130719,16:00:00,1870,P,130816,,180.16,178.5,181,-0.002,,,-99.873,0,0,-0.388,-143.357,0.999,-1
,SPX 13T1870D23,AugW4 1870 Puts,,,1870,P,130823,,180.78,,,,,,-99.836,0,0,-0.319,-184.314,0.998,
,SPX 13U1870,Sep 1870 Puts,130719,16:00:00,1870,P,130920,,182.81,181,183.6,-0.003,,,-99.639,0.008,1.12,-0.145,-322.408,0.985,-1
,SPX 13G1875D26,JulW4 1875 Calls,,,1875,C,130726,,0.34,,,,,,0,0.001,8.368,-13.969,0.469,0,
,SPX 13H1875D2,AugW1 1875 Calls,,,1875,C,130802,,0,,,,,,0,0,0,0,0,0,
,SPX 13H1875D9,AugW2 1875 Calls,,,1875,C,130809,,0,,,,,,0,0,0,0,0,0,
,SPX 13H1875,Aug 1875 Calls,130719,16:00:00,1875,C,130816,,0,,0.15,,120,815,0,0,0.005,0,0,0,-1
,SPX 13H1875D23,AugW4 1875 Calls,130719,16:00:00,1875,C,130823,,0,,0.3,,,,0.002,0,0.024,-0.002,0.002,0.002,-1
,SPX 13I1875,Sep 1875 Calls,130719,16:00:00,1875,C,130920,,0.49,0.15,0.95,0.122,,725,1.008,0.029,29.845,-2.706,4.83,0.013,-1
,SPX 13I1875D30,SepQ 1875 Calls,130719,16:00:00,1875,C,130930,0.115,0.07,0.3,1.1,,,1000,0.508,0.03,8.492,-3.075,1.218,0.019,-1
,SPX 13J1875,Oct 1875 Calls,130719,16:00:00,1875,C,131018,0.114,1.04,0.8,1.6,0.144,600,1300,2.759,0.074,56.938,-3.773,12.075,0.03,1
,SPX 13L1875,Dec 1875 Calls,130719,16:00:00,1875,C,131220,0.113,4.55,3.4,4.5,-0.132,,10014,8.778,0.149,165.12,-5.605,55.725,0.07,-1
,SPX 13L1875D31,DecQ 1875 Calls,130719,16:00:00,1875,C,131231,0.115,5.32,4.5,5.5,-0.06,,3,9.968,0.159,184.23,-6.186,66.06,0.077,-1
,SPX 14C1875,Mar14 1875 Calls,130719,16:00:00,1875,C,140321,0.122,11.89,11,12.3,-0.02,,2483,17.689,0.193,312.439,-7.823,154.435,0.115,-1
,SPX 14F1875,Jun14 1875 Calls,130719,16:00:00,1875,C,140621,0.129,21.33,20.2,22,-0.011,,1109,24.33,0.186,444.6,-8.818,283.694,0.149,-1
,SPX 13S1875D26,JulW4 1875 Puts,,,1875,P,130726,,183.56,,,,,,-99.964,0,0,-0.561,-41.068,1,
,SPX 13T1875D2,AugW1 1875 Puts,,,1875,P,130802,,184.13,,,,,,-99.932,0,0,-0.501,-77.004,1,
,SPX 13T1875D9,AugW2 1875 Puts,,,1875,P,130809,,184.69,,,,,,-99.9,0,0,-0.441,-112.939,1,
,SPX 13T1875,Aug 1875 Puts,130719,16:00:00,1875,P,130816,,185.16,183.5,186,-0.002,,,-99.873,0,0,-0.389,-143.74,1,-1
,SPX 13T1875D23,AugW4 1875 Puts,130719,16:00:00,1875,P,130823,,185.78,184.3,186,-0.003,,,-99.836,0,0,-0.32,-184.807,0.998,-1
,SPX 13U1875,Sep 1875 Puts,130719,16:00:00,1875,P,130920,,187.8,186,188.5,-0.003,,,-99.67,0.005,0.671,-0.121,-323.322,0.987,-1
,SPX 13U1875D30,SepQ 1875 Puts,130719,16:00:00,1875,P,130930,,188.59,186.4,189.9,-0.002,,,-99.548,0.012,1.785,-0.071,-379.623,0.981,-1
,SPX 13V1875,Oct 1875 Puts,130719,16:00:00,1875,P,131018,,189.86,188.2,190.9,-0.002,,,-98.753,0.054,12.442,-0.377,-465.004,0.97,-1
,SPX 13X1875,Dec 1875 Puts,130719,16:00:00,1875,P,131220,,196.08,195.6,198.3,0.004,,2400,-91.429,0.189,119.04,-3.204,-753.326,0.93,-1
,SPX 13X1875D31,DecQ 1875 Puts,130719,16:00:00,1875,P,131231,,197.45,196.6,200.3,0.005,,,-89.94,0.201,141.406,-3.598,-804.547,0.923,-1
,SPX 14O1875,Mar14 1875 Puts,130719,16:00:00,1875,P,140321,,210,209.4,212.4,0.004,,,-79.654,0.208,312.513,-6.492,-1100.36,0.885,-1
,SPX 14R1875,Jun14 1875 Puts,130719,16:00:00,1875,P,140621,0.139,225.5,225,228.3,0.005,,,-71.429,0.187,462.743,-7.763,-1420.109,0.851,-1
,SPX 13G1880D26,JulW4 1880 Calls,,,1880,C,130726,,0.34,,,,,,0,0.001,8.252,-14.079,0.462,0,
,SPX 13H1880D2,AugW1 1880 Calls,,,1880,C,130802,,0,,,,,,0,0,0,0,0,0,
,SPX 13H1880D9,AugW2 1880 Calls,,,1880,C,130809,,0,,,,,,0,0,0,0,0,0,
,SPX 13H1880,Aug 1880 Calls,130719,16:00:00,1880,C,130816,,0,0.05,0.1,,,502,0,0,0.002,0,0,0,-1
,SPX 13H1880D23,AugW4 1880 Calls,,,1880,C,130823,,0,,,,,,0.001,0,0.012,-0.001,0.001,0.001,
,SPX 13S1880D26,JulW4 1880 Puts,,,1880,P,130726,,188.56,,,,,,-99.964,0,0,-0.563,-41.178,1,
,SPX 13T1880D2,AugW1 1880 Puts,,,1880,P,130802,,189.13,,,,,,-99.932,0,0,-0.502,-77.209,1,
,SPX 13T1880D9,AugW2 1880 Puts,,,1880,P,130809,,189.69,,,,,,-99.9,0,0,-0.442,-113.24,1,
,SPX 13T1880,Aug 1880 Puts,130719,16:00:00,1880,P,130816,,190.16,188.5,191,-0.002,,,-99.873,0,0,-0.39,-144.123,1,-1
,SPX 13T1880D23,AugW4 1880 Puts,,,1880,P,130823,,190.78,,,,,,-99.836,0,0,-0.321,-185.3,0.999,
,SPX 13G1890D26,JulW4 1890 Calls,,,1890,C,130726,,0.35,,,,,,0,0,8.042,-14.306,0.448,0,
,SPX 13H1890D2,AugW1 1890 Calls,,,1890,C,130802,,0,,,,,,0,0,0,0,0,0,
,SPX 13H1890D9,AugW2 1890 Calls,,,1890,C,130809,,0,,,,,,0,0,0,0,0,0,
,SPX 13H1890,Aug 1890 Calls,130719,16:00:00,1890,C,130816,,0,,0.1,,100,648,0,0,0,0,0,0,-1
,SPX 13H1890D23,AugW4 1890 Calls,,,1890,C,130823,,0,,,,,,0,0,0.002,0,0,0.001,
,SPX 13S1890D26,JulW4 1890 Puts,,,1890,P,130726,,198.56,,,,,,-99.964,0,0,-0.566,-41.397,1,
,SPX 13T1890D2,AugW1 1890 Puts,,,1890,P,130802,,199.13,,,,,,-99.932,0,0,-0.505,-77.62,1,
,SPX 13T1890D9,AugW2 1890 Puts,,,1890,P,130809,,199.69,,,,,,-99.9,0,0,-0.444,-113.842,1,
,SPX 13T1890,Aug 1890 Puts,130719,16:00:00,1890,P,130816,,200.16,198.7,201.2,-0.001,,,-99.873,0,0,-0.392,-144.89,1,-1
,SPX 13T1890D23,AugW4 1890 Puts,,,1890,P,130823,,200.78,,,,,,-99.836,0,0,-0.323,-186.286,0.999,
,SPX 13G1900,Jul 1900 Calls,130719,16:00:00,1900,C,130719,,0,,,,,2408,0,0,0,0,0,,-1
,SPX 13G1900D26,JulW4 1900 Calls,,,1900,C,130726,,0.35,,,,,,0,0,7.854,-14.544,0.436,0,
,SPX 13H1900D2,AugW1 1900 Calls,,,1900,C,130802,,0,,,,,,0,0,0,0,0,0,
,SPX 13H1900D9,AugW2 1900 Calls,,,1900,C,130809,,0,,,,,,0,0,0,0,0,0,
,SPX 13H1900,Aug 1900 Calls,130719,16:00:00,1900,C,130816,,0,0.05,0.1,,2345,10849,0,0,0,0,0,0,0.05
,SPX 13H1900D23,AugW4 1900 Calls,130719,16:00:00,1900,C,130823,,0,,0.25,,89,,0,0,0,0,0,0.001,-1
,SPX 13I1900,Sep 1900 Calls,130719,16:00:00,1900,C,130920,0.126,0.32,0.15,0.6,0.187,564,4897,0.62,0.013,20.781,-2.222,3.168,0.006,0.4
,SPX 13I1900D30,SepQ 1900 Calls,130719,16:00:00,1900,C,130930,,0.01,0.1,0.9,,500,,0.111,0.008,2.069,-0.106,0.254,0.01,0.6
,SPX 13J1900,Oct 1900 Calls,130719,16:00:00,1900,C,131018,0.116,0.58,0.45,1,0.259,,9,1.501,0.041,36.957,-2.621,7.21,0.017,-1
,SPX 13L1900,Dec 1900 Calls,130719,16:00:00,1900,C,131220,0.116,2.98,2.6,3.2,-0.03,1,23878,5.912,0.108,125.59,-4.633,39.078,0.049,2.7
,SPX 13L1900D31,DecQ 1900 Calls,130719,16:00:00,1900,C,131231,0.116,3.51,3.2,3.9,0.009,1,3671,6.854,0.119,141.966,-4.948,46.923,0.055,3.3
,SPX 14C1900,Mar14 1900 Calls,130719,16:00:00,1900,C,140321,0.12,8.53,7.9,9.1,-0.004,2,21626,13.655,0.167,261.498,-6.517,119.822,0.09,8.4
,SPX 14F1900,Jun14 1900 Calls,130719,16:00:00,1900,C,140621,0.126,16.58,15.6,17.2,-0.012,7,20870,20.303,0.173,395.819,-7.668,236.596,0.122,16.05
,SPX 13S1900,Jul 1900 Puts,130719,16:00:00,1900,P,130719,,207.9,,,,,,-100,0,0,0,0,,-1
,SPX 13S1900D26,JulW4 1900 Puts,,,1900,P,130726,,208.56,,,,,,-99.964,0,0,-0.569,-41.616,1,
,SPX 13T1900D2,AugW1 1900 Puts,,,1900,P,130802,,209.13,,,,,,-99.932,0,0,-0.508,-78.03,1,
,SPX 13T1900D9,AugW2 1900 Puts,,,1900,P,130809,,209.69,,,,,,-99.9,0,0,-0.447,-114.445,1,
,SPX 13T1900,Aug 1900 Puts,130719,16:00:00,1900,P,130816,,210.16,208.7,211.2,-0.001,,6270,-99.873,0,0,-0.394,-145.657,1,-1
,SPX 13T1900D23,AugW4 1900 Puts,130719,16:00:00,1900,P,130823,,210.79,209.2,210.9,-0.004,,,-99.836,0,0,-0.324,-187.271,0.999,-1
,SPX 13U1900,Sep 1900 Puts,130719,16:00:00,1900,P,130920,,212.8,210.8,213.3,-0.004,,4965,-99.712,0,0.026,-0.09,-327.7,0.994,-1
,SPX 13U1900D30,SepQ 1900 Puts,130719,16:00:00,1900,P,130930,,213.59,211.1,214.7,-0.003,,,-99.657,0.001,0.11,0.003,-384.891,0.99,-1
,SPX 13V1900,Oct 1900 Puts,130719,16:00:00,1900,P,131018,,214.77,212.8,215.4,-0.003,,5,-99.437,0.013,2.491,0.061,-472.94,0.983,-1
,SPX 13X1900,Dec 1900 Puts,130719,16:00:00,1900,P,131220,,219.75,219.4,222.1,0.005,,26,-94.998,0.13,70.735,-1.479,-781.192,0.951,-1
,SPX 13X1900D31,DecQ 1900 Puts,130719,16:00:00,1900,P,131231,,220.83,220,223.7,0.005,,,-93.827,0.146,89.255,-1.814,-836.393,0.945,-1
,SPX 14O1900,Mar14 1900 Puts,130719,16:00:00,1900,P,140321,,231.28,231,233.9,0.005,,,-84.075,0.186,257.463,-4.856,-1154.27,0.91,-1
,SPX 14R1900,Jun14 1900 Puts,130719,16:00:00,1900,P,140621,,245.09,245.1,248.3,0.007,,400,-75.522,0.178,415.474,-6.211,-1490.907,0.878,-1
,SPX 13G1925D26,JulW4 1925 Calls,,,1925,C,130726,,0.36,,,,,,0,0,7.467,-15.171,0.411,0,
,SPX 13H1925D2,AugW1 1925 Calls,,,1925,C,130802,,0,,,,,,0,0,0,0,0,0,
,SPX 13H1925D9,AugW2 1925 Calls,,,1925,C,130809,,0,,,,,,0,0,0,0,0,0,
,SPX 13H1925,Aug 1925 Calls,130719,16:00:00,1925,C,130816,,0,,0.05,,178,2414,0,0,0,0,0,0,-1
,SPX 13H1925D23,AugW4 1925 Calls,,,1925,C,130823,,0,,,,,,0,0,0,0,0,0,
,SPX 13I1925,Sep 1925 Calls,130719,16:00:00,1925,C,130920,,0.21,,0.5,1.381,5,4507,0.397,0.008,14.627,-1.43,2.117,0.003,-1
,SPX 13L1925,Dec 1925 Calls,130719,16:00:00,1925,C,131220,0.118,1.94,1.85,2.4,0.098,,860,3.899,0.075,93.577,-3.743,27.044,0.034,-1
,SPX 13L1925D31,DecQ 1925 Calls,130719,16:00:00,1925,C,131231,0.116,2.29,1.95,2.8,0.039,,,4.602,0.086,106.807,-3.815,32.754,0.038,-1
,SPX 14C1925,Mar14 1925 Calls,130719,16:00:00,1925,C,140321,0.119,5.99,5.7,6.8,0.043,,1500,10.276,0.139,213.062,-5.33,90.768,0.069,-1
,SPX 14F1925,Jun14 1925 Calls,130719,16:00:00,1925,C,140621,0.125,12.69,11.9,13.4,-0.003,,260,16.653,0.157,345.901,-6.611,194.004,0.1,-1
,SPX 13S1925D26,JulW4 1925 Puts,,,1925,P,130726,,233.56,,,,,,-99.964,0,0,-0.576,-42.163,1,
,SPX 13T1925D2,AugW1 1925 Puts,,,1925,P,130802,,234.13,,,,,,-99.932,0,0,-0.514,-79.057,1,
,SPX 13T1925D9,AugW2 1925 Puts,,,1925,P,130809,,234.69,,,,,,-99.9,0,0,-0.452,-115.95,1,
,SPX 13T1925,Aug 1925 Puts,130719,16:00:00,1925,P,130816,,235.17,233.7,236.2,-0.001,,,-99.873,0,0,-0.399,-147.573,1,-1
,SPX 13T1925D23,AugW4 1925 Puts,,,1925,P,130823,,235.79,,,,,,-99.836,0,0,-0.329,-189.735,1,
,SPX 13U1925,Sep 1925 Puts,130719,16:00:00,1925,P,130920,,237.8,235.9,238.4,-0.003,,,-99.714,0,0,-0.09,-332.014,0.997,-1
,SPX 13X1925,Dec 1925 Puts,130719,16:00:00,1925,P,131220,,244.06,243.5,246.2,0.003,,,-97.269,0.077,36.232,-0.335,-802.265,0.966,-1
,SPX 13X1925D31,DecQ 1925 Puts,130719,16:00:00,1925,P,131231,,244.95,243.9,247.6,0.003,,,-96.464,0.094,49.579,-0.552,-861.058,0.962,-1
,SPX 14O1925,Mar14 1925 Puts,130719,16:00:00,1925,P,140321,,253.47,253.6,256.5,0.006,,,-87.878,0.158,203.974,-3.35,-1202.568,0.931,-1
,SPX 14R1925,Jun14 1925 Puts,130719,16:00:00,1925,P,140621,,265.55,266.4,269.5,0.009,,,-79.344,0.167,365.857,-4.976,-1558.066,0.9,-1
,SPX 13G1945D26,JulW4 1945 Calls,,,1945,C,130726,,0.37,,,,,,0,0,7.222,-15.7,0.395,0,
,SPX 13H1945D2,AugW1 1945 Calls,,,1945,C,130802,,0,,,,,,0,0,0,0,0,0,
,SPX 13H1945D9,AugW2 1945 Calls,,,1945,C,130809,,0,,,,,,0,0,0,0,0,0,
,SPX 13H1945D23,AugW4 1945 Calls,,,1945,C,130823,,0,,,,,,0,0,0,0,0,0,
,SPX 13I1945D30,SepQ 1945 Calls,130719,16:00:00,1945,C,130930,,0,0.1,0.65,,,,0.003,0,0.058,-0.002,0.005,0.003,-1
,SPX 13S1945D26,JulW4 1945 Puts,,,1945,P,130726,,253.56,,,,,,-99.964,0,0,-0.582,-42.602,1,
,SPX 13T1945D2,AugW1 1945 Puts,,,1945,P,130802,,254.13,,,,,,-99.932,0,0,-0.52,-79.878,1,
,SPX 13T1945D9,AugW2 1945 Puts,,,1945,P,130809,,254.69,,,,,,-99.9,0,0,-0.457,-117.155,1,
,SPX 13T1945D23,AugW4 1945 Puts,,,1945,P,130823,,255.79,,,,,,-99.836,0,0,-0.332,-191.707,1,
,SPX 13U1945D30,SepQ 1945 Puts,130719,16:00:00,1945,P,130930,,258.59,255.9,259.4,-0.004,,,-99.664,0,0,0.008,-394.018,0.997,-1
,SPX 13G1950,Jul 1950 Calls,130719,16:00:00,1950,C,130719,,0,,,,,533,0,0,0,0,0,,-1
,SPX 13G1950D26,JulW4 1950 Calls,,,1950,C,130726,,0.37,,,,,,0,0,7.167,-15.835,0.391,0,
,SPX 13H1950D2,AugW1 1950 Calls,,,1950,C,130802,,0,,,,,,0,0,0,0,0,0,
,SPX 13H1950D9,AugW2 1950 Calls,,,1950,C,130809,,0,,,,,,0,0,0,0,0,0,
,SPX 13H1950,Aug 1950 Calls,130719,16:00:00,1950,C,130816,,0,,0.05,,,445,0,0,0,0,0,0,-1
,SPX 13H1950D23,AugW4 1950 Calls,,,1950,C,130823,,0,,,,,,0,0,0,0,0,0,
,SPX 13I1950,Sep 1950 Calls,130719,16:00:00,1950,C,130920,0.14,0.15,0.15,0.3,,203,18919,0.26,0.005,10.421,-1.468,1.441,0.001,-1
,SPX 13I1950D30,SepQ 1950 Calls,130719,16:00:00,1950,C,130930,,0,0.05,0.65,,,1003,0.002,0,0.035,-0.001,0.003,0.002,-1
,SPX 13J1950,Oct 1950 Calls,130719,16:00:00,1950,C,131018,,0.2,0.05,0.9,1.4,,19700,0.504,0.012,15.649,-0.959,2.671,0.005,-1
,SPX 13L1950,Dec 1950 Calls,130719,16:00:00,1950,C,131220,0.12,1.26,1.2,1.85,0.19,2520,1637,2.541,0.048,68.829,-2.945,18.611,0.022,1
,SPX 13L1950D31,DecQ 1950 Calls,130719,16:00:00,1950,C,131231,0.118,1.49,1.3,2.1,0.141,,,3.041,0.056,78.939,-2.987,22.607,0.026,-1
,SPX 14C1950,Mar14 1950 Calls,130719,16:00:00,1950,C,140321,0.118,4.12,3.9,5.1,0.092,,10635,7.546,0.109,169.031,-4.286,67.148,0.053,-1
,SPX 14F1950,Jun14 1950 Calls,130719,16:00:00,1950,C,140621,0.124,9.56,9.3,10.7,0.046,,338,13.423,0.136,296.536,-5.732,156.319,0.081,-1
,SPX 13S1950,Jul 1950 Puts,130719,16:00:00,1950,P,130719,,257.9,,,,,,-100,0,0,0,0,,-1
,SPX 13S1950D26,JulW4 1950 Puts,,,1950,P,130726,,258.56,,,,,,-99.964,0,0,-0.584,-42.711,1,
,SPX 13T1950D2,AugW1 1950 Puts,,,1950,P,130802,,259.13,,,,,,-99.932,0,0,-0.521,-80.084,1,
,SPX 13T1950D9,AugW2 1950 Puts,,,1950,P,130809,,259.69,,,,,,-99.9,0,0,-0.458,-117.456,1,
,SPX 13T1950,Aug 1950 Puts,130719,16:00:00,1950,P,130816,,260.17,258.4,260.9,-0.002,4,,-99.873,0,0,-0.405,-149.49,1,261.6
,SPX 13T1950D23,AugW4 1950 Puts,,,1950,P,130823,,260.79,,,,,,-99.836,0,0,-0.333,-192.199,1,
,SPX 13U1950,Sep 1950 Puts,130719,16:00:00,1950,P,130920,,262.8,260.8,263.3,-0.003,,880,-99.714,0,0,-0.091,-336.326,0.999,-1
,SPX 13U1950D30,SepQ 1950 Puts,130719,16:00:00,1950,P,130930,,263.59,260.8,264.3,-0.004,,,-99.664,0,0,0.008,-395.031,0.998,-1
,SPX 13V1950,Oct 1950 Puts,130719,16:00:00,1950,P,131018,,264.75,262.4,265,-0.004,,,-99.586,0,0.01,0.16,-485.734,0.995,-1
,SPX 13X1950,Dec 1950 Puts,130719,16:00:00,1950,P,131220,,268.76,267.7,270.4,0.001,,9,-98.502,0.038,15.415,0.308,-818.253,0.978,-1
,SPX 13X1950D31,DecQ 1950 Puts,130719,16:00:00,1950,P,131231,,269.52,268.2,271.8,0.002,,,-98.024,0.051,23.508,0.222,-879.94,0.974,-1
,SPX 14O1950,Mar14 1950 Puts,130719,16:00:00,1950,P,140321,,276.43,277.1,280,0.008,,,-91.03,0.131,154.578,-2.027,-1245.055,0.947,-1
,SPX 14R1950,Jun14 1950 Puts,130719,16:00:00,1950,P,140621,,286.83,288.6,291.7,0.012,,,-82.839,0.153,315.48,-3.781,-1620.998,0.919,-1
,SPX 13S1975D26,JulW4 1975 Puts,,,1975,P,130726,,283.56,,,,,,-99.964,0,0,-0.591,-43.259,1,
,SPX 13T1975D2,AugW1 1975 Puts,,,1975,P,130802,,284.13,,,,,,-99.932,0,0,-0.528,-81.11,1,
,SPX 13T1975D9,AugW2 1975 Puts,,,1975,P,130809,,284.69,,,,,,-99.9,0,0,-0.464,-118.962,1,
,SPX 13T1975,Aug 1975 Puts,130719,16:00:00,1975,P,130816,,285.17,283.4,285.9,-0.002,,,-99.873,0,0,-0.41,-151.406,1,-1
,SPX 13T1975D23,AugW4 1975 Puts,,,1975,P,130823,,285.79,,,,,,-99.836,0,0,-0.337,-194.664,1,
,SPX 13U1975,Sep 1975 Puts,130719,16:00:00,1975,P,130920,,287.8,285.5,288,-0.004,,,-99.714,0,0,-0.092,-340.638,1,-1
,SPX 13X1975,Dec 1975 Puts,130719,16:00:00,1975,P,131220,,293.64,292.3,294.9,0,,,-99.052,0.015,5.191,0.604,-831.095,0.985,-1
,SPX 13X1975D31,DecQ 1975 Puts,130719,16:00:00,1975,P,131231,,294.33,292.7,296.3,0.001,,,-98.805,0.023,9.148,0.621,-894.88,0.982,-1
,SPX 14O1975,Mar14 1975 Puts,130719,16:00:00,1975,P,140321,,300.01,300.6,303.5,0.007,,,-93.546,0.103,111.404,-0.921,-1281.843,0.961,-1
,SPX 13S2000,Jul 2000 Puts,130719,16:00:00,2000,P,130719,,307.9,,,,,34550,-100,0,0,0,0,,-1
,SPX 13S2000D26,JulW4 2000 Puts,,,2000,P,130726,,308.56,,,,,,-99.964,0,0,-0.599,-43.806,1,
,SPX 13T2000D2,AugW1 2000 Puts,,,2000,P,130802,,309.13,,,,,,-99.932,0,0,-0.534,-82.137,1,
,SPX 13T2000D9,AugW2 2000 Puts,,,2000,P,130809,,309.7,,,,,,-99.9,0,0,-0.47,-120.468,1,
,SPX 13T2000,Aug 2000 Puts,130719,16:00:00,2000,P,130816,,310.17,308.4,310.9,0,2500,6450,-99.873,0,0,-0.415,-153.323,1,317.75
,SPX 13T2000D23,AugW4 2000 Puts,,,2000,P,130823,,310.79,,,,,,-99.836,0,0,-0.341,-197.128,1,
,SPX 13U2000,Sep 2000 Puts,130719,16:00:00,2000,P,130920,,312.8,310.4,312.9,-0.003,6000,28679,-99.714,0,0,-0.093,-344.95,1,318
,SPX 13V2000,Oct 2000 Puts,130719,16:00:00,2000,P,131018,,314.75,312.4,314.9,-0.003,,,-99.586,0,0,0.164,-498.19,0.999,-1
,SPX 13X2000,Dec 2000 Puts,130719,16:00:00,2000,P,131220,,318.6,317,319.6,-0.001,,10576,-99.243,0.004,1.299,0.713,-842.386,0.991,-1
,SPX 13X2000D31,DecQ 2000 Puts,130719,16:00:00,2000,P,131231,,319.26,317.4,321,0,,,-99.122,0.008,2.778,0.791,-907.612,0.988,-1
,SPX 14O2000,Mar14 2000 Puts,130719,16:00:00,2000,P,140321,,324.06,324.7,327.5,0.006,,600,-95.451,0.077,75.852,-0.049,-1313.386,0.971,-1
,SPX 14R2000,Jun14 2000 Puts,130719,16:00:00,2000,P,140621,,331.43,334.5,337.5,0.014,,1,-88.644,0.119,218.588,-1.619,-1732.864,0.949,-1
